; Sample Rate 1024
; Channels 1
 0.000000 3.000000
 0.006136 3.108967
 0.012272 3.154188
 0.018408 3.139147
 0.024544 3.070563
 0.030680 2.957913
 0.036816 2.812791
 0.042951 2.648144
 0.049087 2.477438
 0.055223 2.313793
 0.061359 2.169158
 0.067495 2.053555
 0.073631 1.974452
 0.079767 1.936303
 0.085903 1.940275
 0.092039 1.984180
 0.098175 2.062628
 0.104311 2.167372
 0.110447 2.287844
 0.116583 2.411832
 0.122718 2.526268
 0.128854 2.618080
 0.134990 2.675042
 0.141126 2.686591
 0.147262 2.644542
 0.153398 2.543670
 0.159534 2.382115
 0.165670 2.161584
 0.171806 1.887353
 0.177942 1.568036
 0.184078 1.215171
 0.190214 0.842610
 0.196350 0.465780
 0.202485 0.100838
 0.208621 -0.236226
 0.214757 -0.530477
 0.220893 -0.768878
 0.227029 -0.941015
 0.233165 -1.039689
 0.239301 -1.061315
 0.245437 -1.006116
 0.251573 -0.878109
 0.257709 -0.684860
 0.263845 -0.437047
 0.269981 -0.147843
 0.276117 0.167838
 0.282252 0.494194
 0.288388 0.815430
 0.294524 1.116649
 0.300660 1.384670
 0.306796 1.608756
 0.312932 1.781177
 0.319068 1.897592
 0.325204 1.957229
 0.331340 1.962847
 0.337476 1.920491
 0.343612 1.839042
 0.349748 1.729611
 0.355884 1.604794
 0.362019 1.477852
 0.368155 1.361847
 0.374291 1.268801
 0.380427 1.208932
 0.386563 1.189991
 0.392699 1.216773
 0.398835 1.290799
 0.404971 1.410217
 0.411107 1.569903
 0.417243 1.761776
 0.423379 1.975297
 0.429515 2.198123
 0.435651 2.416879
 0.441786 2.618000
 0.447922 2.788592
 0.454058 2.917256
 0.460194 2.994832
 0.466330 3.015012
 0.472466 2.974783
 0.478602 2.874677
 0.484738 2.718809
 0.490874 2.514698
 0.497010 2.272891
 0.503146 2.006385
 0.509282 1.729922
 0.515418 1.459153
 0.521553 1.209756
 0.527689 0.996540
 0.533825 0.832592
 0.539961 0.728524
 0.546097 0.691857
 0.552233 0.726580
 0.558369 0.832910
 0.564505 1.007277
 0.570641 1.242514
 0.576777 1.528263
 0.582913 1.851558
 0.589049 2.197558
 0.595185 2.550384
 0.601320 2.894010
 0.607456 3.213157
 0.613592 3.494138
 0.619728 3.725598
 0.625864 3.899122
 0.632000 4.009649
 0.638136 4.055699
 0.644272 4.039374
 0.650408 3.966157
 0.656544 3.844497
 0.662680 3.685237
 0.668816 3.500889
 0.674952 3.304822
 0.681087 3.110406
 0.687223 2.930164
 0.693359 2.774979
 0.699495 2.653418
 0.705631 2.571192
 0.711767 2.530812
 0.717903 2.531435
 0.724039 2.568931
 0.730175 2.636151
 0.736311 2.723390
 0.742447 2.819015
 0.748583 2.910208
 0.754719 2.983807
 0.760854 3.027156
 0.766990 3.028944
 0.773126 2.979966
 0.779262 2.873765
 0.785398 2.707107
 0.791534 2.480271
 0.797670 2.197131
 0.803806 1.865016
 0.809942 1.494366
 0.816078 1.098200
 0.822214 0.691423
 0.828350 0.290014
 0.834486 -0.089850
 0.840621 -0.432699
 0.846757 -0.724631
 0.852893 -0.954093
 0.859029 -1.112531
 0.865165 -1.194869
 0.871301 -1.199787
 0.877437 -1.129791
 0.883573 -0.991059
 0.889709 -0.793079
 0.895845 -0.548100
 0.901981 -0.270428
 0.908117 0.024394
 0.914253 0.320472
 0.920388 0.602453
 0.926524 0.856388
 0.932660 1.070494
 0.938796 1.235792
 0.944932 1.346560
 0.951068 1.400601
 0.957204 1.399291
 0.963340 1.347411
 0.969476 1.252782
 0.975612 1.125715
 0.981748 0.978318
 0.987884 0.823696
 0.994020 0.675103
 1.000155 0.545084
 1.006291 0.444674
 1.012427 0.382688
 1.018563 0.365161
 1.024699 0.394957
 1.030835 0.471580
 1.036971 0.591198
 1.043107 0.746870
 1.049243 0.928979
 1.055379 1.125824
 1.061515 1.324353
 1.067651 1.510982
 1.073787 1.672453
 1.079922 1.796683
 1.086058 1.873542
 1.092194 1.895526
 1.098330 1.858268
 1.104466 1.760874
 1.110602 1.606042
 1.116738 1.399971
 1.122874 1.152062
 1.129010 0.874418
 1.135146 0.581182
 1.141282 0.287753
 1.147418 0.009913
 1.153554 -0.237070
 1.159689 -0.439318
 1.165825 -0.585140
 1.171961 -0.665708
 1.178097 -0.675577
 1.184233 -0.612999
 1.190369 -0.480036
 1.196505 -0.282448
 1.202641 -0.029374
 1.208777 0.267188
 1.214913 0.593058
 1.221049 0.932669
 1.227185 1.269951
 1.233321 1.589224
 1.239456 1.876073
 1.245592 2.118133
 1.251728 2.305755
 1.257864 2.432502
 1.264000 2.495450
 1.270136 2.495287
 1.276272 2.436182
 1.282408 2.325463
 1.288544 2.173096
 1.294680 1.991022
 1.300816 1.792369
 1.306952 1.590614
 1.313088 1.398719
 1.319223 1.228313
 1.325359 1.088965
 1.331495 0.987581
 1.337631 0.927984
 1.343767 0.910677
 1.349903 0.932824
 1.356039 0.988439
 1.362175 1.068773
 1.368311 1.162880
 1.374447 1.258321
 1.380583 1.341967
 1.386719 1.400857
 1.392855 1.423045
 1.398990 1.398398
 1.405126 1.319291
 1.411262 1.181154
 1.417398 0.982838
 1.423534 0.726783
 1.429670 0.418962
 1.435806 0.068623
 1.441942 -0.312172
 1.448078 -0.709186
 1.454214 -1.106766
 1.460350 -1.488711
 1.466486 -1.839163
 1.472622 -2.143497
 1.478757 -2.389137
 1.484893 -2.566266
 1.491029 -2.668374
 1.497165 -2.692623
 1.503301 -2.639998
 1.509437 -2.515245
 1.515573 -2.326587
 1.521709 -2.085251
 1.527845 -1.804817
 1.533981 -1.500442
 1.540117 -1.187992
 1.546253 -0.883148
 1.552389 -0.600525
 1.558524 -0.352861
 1.564660 -0.150328
 1.570796 0.000000
 1.576932 0.094493
 1.583068 0.133100
 1.589204 0.119265
 1.595340 0.059645
 1.601476 -0.036375
 1.607612 -0.157324
 1.613748 -0.290399
 1.619884 -0.422312
 1.626020 -0.540138
 1.632156 -0.632157
 1.638291 -0.688594
 1.644427 -0.702254
 1.650563 -0.668977
 1.656699 -0.587913
 1.662835 -0.461585
 1.668971 -0.295738
 1.675107 -0.098989
 1.681243 0.117704
 1.687379 0.341728
 1.693515 0.559601
 1.699651 0.757823
 1.705787 0.923733
 1.711923 1.046325
 1.718058 1.116963
 1.724194 1.129968
 1.730330 1.083019
 1.736466 0.977367
 1.742602 0.817828
 1.748738 0.612562
 1.754874 0.372652
 1.761010 0.111504
 1.767146 -0.155893
 1.773282 -0.413813
 1.779418 -0.646684
 1.785554 -0.839981
 1.791690 -0.981057
 1.797825 -1.059879
 1.803961 -1.069607
 1.810097 -1.006999
 1.816233 -0.872605
 1.822369 -0.670743
 1.828505 -0.409260
 1.834641 -0.099093
 1.840777 0.246348
 1.846913 0.611941
 1.853049 0.981698
 1.859185 1.339667
 1.865321 1.670815
 1.871457 1.961861
 1.877592 2.201989
 1.883728 2.383419
 1.889864 2.501790
 1.896000 2.556336
 1.902136 2.549853
 1.908272 2.488447
 1.914408 2.381091
 1.920544 2.239015
 1.926680 2.074960
 1.932816 1.902358
 1.938952 1.734468
 1.945088 1.583537
 1.951224 1.460027
 1.957359 1.371960
 1.963495 1.324423
 1.969631 1.319251
 1.975767 1.354923
 1.981903 1.426667
 1.988039 1.526772
 1.994175 1.645083
 2.000311 1.769656
 2.006447 1.887528
 2.012583 1.985558
 2.018719 2.051285
 2.024855 2.073751
 2.030991 2.044244
 2.037126 1.956908
 2.043262 1.809186
 2.049398 1.602065
 2.055534 1.340117
 2.061670 1.031316
 2.067806 0.686656
 2.073942 0.319583
 2.080078 -0.054728
 2.086214 -0.420197
 2.092350 -0.760728
 2.098486 -1.061109
 2.104622 -1.307859
 2.110758 -1.489990
 2.116893 -1.599624
 2.123029 -1.632430
 2.129165 -1.587867
 2.135301 -1.469207
 2.141437 -1.283335
 2.147573 -1.040354
 2.153709 -0.752997
 2.159845 -0.435896
 2.165981 -0.104748
 2.172117 0.224576
 2.178253 0.536928
 2.184389 0.818721
 2.190525 1.058677
 2.196660 1.248424
 2.202796 1.382921
 2.208932 1.460675
 2.215068 1.483751
 2.221204 1.457563
 2.227340 1.390467
 2.233476 1.293181
 2.239612 1.178066
 2.245748 1.058315
 2.251884 0.947095
 2.258020 0.856700
 2.264156 0.797761
 2.270292 0.778566
 2.276427 0.804529
 2.282563 0.877838
 2.288699 0.997311
 2.294835 1.158457
 2.300971 1.353749
 2.307107 1.573089
 2.313243 1.804432
 2.319379 2.034541
 2.325515 2.249817
 2.331651 2.437160
 2.337787 2.584806
 2.343923 2.683092
 2.350059 2.725093
 2.356194 2.707107
 2.362330 2.628944
 2.368466 2.494006
 2.374602 2.309154
 2.380738 2.084363
 2.386874 1.832191
 2.393010 1.567090
 2.399146 1.304597
 2.405282 1.060451
 2.411418 0.849702
 2.417554 0.685843
 2.423690 0.580031
 2.429826 0.540443
 2.435961 0.571795
 2.442097 0.675065
 2.448233 0.847427
 2.454369 1.082405
 2.460505 1.370232
 2.466641 1.698407
 2.472777 2.052395
 2.478913 2.416451
 2.485049 2.774502
 2.491185 3.111046
 2.497321 3.412011
 2.503457 3.665518
 2.509593 3.862520
 2.515728 3.997257
 2.521864 4.067522
 2.528000 4.074707
 2.534136 4.023640
 2.540272 3.922215
 2.546408 3.780847
 2.552544 3.611772
 2.558680 3.428251
 2.564816 3.243720
 2.570952 3.070934
 2.577088 2.921158
 2.583224 2.803465
 2.589360 2.724170
 2.595495 2.686438
 2.601631 2.690094
 2.607767 2.731648
 2.613903 2.804518
 2.620039 2.899463
 2.626175 3.005174
 2.632311 3.109003
 2.638447 3.197784
 2.644583 3.258687
 2.650719 3.280065
 2.656855 3.252234
 2.662991 3.168138
 2.669127 3.023866
 2.675262 2.818978
 2.681398 2.556630
 2.687534 2.243476
 2.693670 1.889369
 2.699806 1.506860
 2.705942 1.110533
 2.712078 0.716221
 2.718214 0.340128
 2.724350 -0.002066
 2.730486 -0.296082
 2.736622 -0.529845
 2.742758 -0.694160
 2.748894 -0.783227
 2.755029 -0.794968
 2.761165 -0.731131
 2.767301 -0.597184
 2.773437 -0.401996
 2.779573 -0.157317
 2.785709 0.122892
 2.791845 0.423265
 2.797981 0.727901
 2.804117 1.021268
 2.810253 1.289068
 2.816389 1.519026
 2.822525 1.701557
 2.828661 1.830260
 2.834796 1.902217
 2.840932 1.918095
 2.847068 1.882015
 2.853204 1.801227
 2.859340 1.685592
 2.865476 1.546919
 2.871612 1.398178
 2.877748 1.252661
 2.883884 1.123119
 2.890020 1.020947
 2.896156 0.955454
 2.902292 0.933266
 2.908428 0.957902
 2.914563 1.029540
 2.920699 1.145003
 2.926835 1.297942
 2.932971 1.479232
 2.939107 1.677531
 2.945243 1.879994
 2.951379 2.073073
 2.957515 2.243376
 2.963651 2.378519
 2.969787 2.467922
 2.975923 2.503508
 2.982059 2.480250
 2.988195 2.396541
 2.994330 2.254361
 3.000466 2.059227
 3.006602 1.819931
 3.012738 1.548085
 3.018874 1.257482
 3.025010 0.963338
 3.031146 0.681429
 3.037282 0.427198
 3.043418 0.214869
 3.049554 0.056628
 3.055690 -0.038078
 3.061826 -0.063094
 3.067962 -0.015918
 3.074097 0.102150
 3.080233 0.286070
 3.086369 0.527345
 3.092505 0.814499
 3.098641 1.133727
 3.104777 1.469673
 3.110913 1.806297
 3.117049 2.127769
 3.123185 2.419357
 3.129321 2.668228
 3.135457 2.864145
 3.141593 3.000000
 3.147729 3.072153
 3.153864 3.080574
 3.160000 3.028756
 3.166136 2.923434
 3.172272 2.774095
 3.178408 2.592347
 3.184544 2.391148
 3.190680 2.183977
 3.196816 1.983967
 3.202952 1.803079
 3.209088 1.651345
 3.215224 1.536249
 3.221360 1.462256
 3.227496 1.430543
 3.233632 1.438937
 3.239767 1.482058
 3.245903 1.551673
 3.252039 1.637224
 3.258175 1.726511
 3.264311 1.806478
 3.270447 1.864065
 3.276583 1.887058
 3.282719 1.864904
 3.288855 1.789432
 3.294991 1.655426
 3.301127 1.461037
 3.307263 1.207986
 3.313399 0.901556
 3.319534 0.550376
 3.325670 0.165992
 3.331806 -0.237733
 3.337942 -0.645360
 3.344078 -1.040724
 3.350214 -1.407821
 3.356350 -1.731710
 3.362486 -1.999341
 3.368622 -2.200291
 3.374758 -2.327352
 3.380894 -2.376928
 3.387030 -2.349234
 3.393166 -2.248277
 3.399301 -2.081612
 3.405437 -1.859911
 3.411573 -1.596337
 3.417709 -1.305796
 3.423845 -1.004079
 3.429981 -0.706974
 3.436117 -0.429372
 3.442253 -0.184443
 3.448389 0.017082
 3.454525 0.167482
 3.460661 0.262422
 3.466797 0.301139
 3.472933 0.286398
 3.479068 0.224250
 3.485204 0.123585
 3.491340 -0.004482
 3.497476 -0.147346
 3.503612 -0.291742
 3.509748 -0.424602
 3.515884 -0.533896
 3.522020 -0.609404
 3.528156 -0.643367
 3.534292 -0.630986
 3.540428 -0.570734
 3.546564 -0.464461
 3.552700 -0.317284
 3.558835 -0.137280
 3.564971 0.065015
 3.571107 0.277262
 3.577243 0.486090
 3.583379 0.677938
 3.589515 0.839913
 3.595651 0.960621
 3.601787 1.030904
 3.607923 1.044457
 3.614059 0.998268
 3.620195 0.892872
 3.626331 0.732385
 3.632467 0.524329
 3.638602 0.279250
 3.644738 0.010149
 3.650874 -0.268233
 3.657010 -0.540245
 3.663146 -0.790206
 3.669282 -1.003310
 3.675418 -1.166467
 3.681554 -1.269067
 3.687690 -1.303589
 3.693826 -1.266046
 3.699962 -1.156219
 3.706098 -0.977682
 3.712234 -0.737602
 3.718369 -0.446340
 3.724505 -0.116862
 3.730641 0.235987
 3.736777 0.596328
 3.742913 0.948130
 3.749049 1.276113
 3.755185 1.566585
 3.761321 1.808191
 3.767457 1.992510
 3.773593 2.114478
 3.779729 2.172611
 3.785865 2.169007
 3.792001 2.109144
 3.798136 2.001469
 3.804272 1.856818
 3.810408 1.687698
 3.816544 1.507473
 3.822680 1.329508
 3.828816 1.166321
 3.834952 1.028789
 3.841088 0.925472
 3.847224 0.862076
 3.853360 0.841105
 3.859496 0.861709
 3.865632 0.919753
 3.871768 1.008078
 3.877903 1.116975
 3.884039 1.234801
 3.890175 1.348734
 3.896311 1.445601
 3.902447 1.512738
 3.908583 1.538828
 3.914719 1.514658
 3.920855 1.433760
 3.926991 1.292893
 3.933127 1.092328
 3.939263 0.835929
 3.945399 0.531016
 3.951535 0.188020
 3.957670 -0.180049
 3.963806 -0.558296
 3.969942 -0.930752
 3.976078 -1.281249
 3.982214 -1.594327
 3.988350 -1.856095
 3.994486 -2.055009
 4.000622 -2.182527
 4.006758 -2.233581
 4.012894 -2.206864
 4.019030 -2.104892
 4.025166 -1.933853
 4.031302 -1.703246
 4.037437 -1.425333
 4.043573 -1.114429
 4.049709 -0.786088
 4.055845 -0.456218
 4.061981 -0.140181
 4.068117 0.148061
 4.074253 0.396715
 4.080389 0.596788
 4.086525 0.742548
 4.092661 0.831786
 4.098797 0.865865
 4.104933 0.849555
 4.111069 0.790665
 4.117204 0.699494
 4.123340 0.588137
 4.129476 0.469688
 4.135612 0.357387
 4.141748 0.263768
 4.147884 0.199853
 4.154020 0.174445
 4.160156 0.193566
 4.166292 0.260069
 4.172428 0.373445
 4.178564 0.529848
 4.184700 0.722327
 4.190836 0.941251
 4.196971 1.174906
 4.203107 1.410229
 4.209243 1.633623
 4.215379 1.831818
 4.221515 1.992717
 4.227651 2.106179
 4.233787 2.164687
 4.239923 2.163862
 4.246059 2.102798
 4.252195 1.984179
 4.258331 1.814194
 4.264467 1.602230
 4.270603 1.360378
 4.276738 1.102770
 4.282874 0.844793
 4.289010 0.602215
 4.295146 0.390293
 4.301282 0.222894
 4.307418 0.111698
 4.313554 0.065518
 4.319690 0.089790
 4.325826 0.186250
 4.331962 0.352823
 4.338098 0.583739
 4.344234 0.869848
 4.350370 1.199141
 4.356505 1.557425
 4.362641 1.929124
 4.368777 2.298156
 4.374913 2.648832
 4.381049 2.966723
 4.387185 3.239457
 4.393321 3.457372
 4.399457 3.614021
 4.405593 3.706472
 4.411729 3.735401
 4.417865 3.704969
 4.424001 3.622492
 4.430137 3.497928
 4.436272 3.343207
 4.442408 3.171450
 4.448544 2.996123
 4.454680 2.830180
 4.460816 2.685242
 4.466952 2.570867
 4.473088 2.493955
 4.479224 2.458319
 4.485360 2.464454
 4.491496 2.509516
 4.497632 2.587513
 4.503768 2.689687
 4.509904 2.805085
 4.516039 2.921260
 4.522175 3.025077
 4.528311 3.103567
 4.534447 3.144779
 4.540583 3.138572
 4.546719 3.077315
 4.552855 2.956433
 4.558991 2.774771
 4.565127 2.534761
 4.571263 2.242374
 4.577399 1.906851
 4.583535 1.540248
 4.589671 1.156800
 4.595806 0.772152
 4.601942 0.402504
 4.608078 0.063707
 4.614214 -0.229616
 4.620350 -0.464894
 4.626486 -0.632313
 4.632622 -0.725367
 4.638758 -0.741219
 4.644894 -0.680859
 4.651030 -0.549034
 4.657166 -0.353971
 4.663302 -0.106898
 4.669438 0.178602
 4.675573 0.487372
 4.681709 0.803543
 4.687845 1.111433
 4.693981 1.396426
 4.700117 1.645784
 4.706253 1.849333
 4.712389 2.000000
 4.718525 2.094154
 4.724661 2.131744
 4.730797 2.116216
 4.736933 2.054226
 4.743069 1.955159
 4.749205 1.830490
 4.755340 1.693020
 4.761476 1.556041
 4.767612 1.432478
 4.773748 1.334054
 4.779884 1.270545
 4.786020 1.249150
 4.792156 1.274031
 4.798292 1.346040
 4.804428 1.462658
 4.810564 1.618143
 4.816700 1.803881
 4.822836 2.008919
 4.828972 2.220647
 4.835107 2.425587
 4.841243 2.610243
 4.847379 2.761961
 4.853515 2.869737
 4.859651 2.924942
 4.865787 2.921900
 4.871923 2.858298
 4.878059 2.735392
 4.884195 2.558002
 4.890331 2.334296
 4.896467 2.075362
 4.902603 1.794614
 4.908739 1.507046
 4.914874 1.228392
 4.921010 0.974230
 4.927146 0.759094
 4.933282 0.595636
 4.939418 0.493898
 4.945554 0.460728
 4.951690 0.499374
 4.957826 0.609297
 4.963962 0.786186
 4.970098 1.022202
 4.976234 1.306416
 4.982370 1.625429
 4.988506 1.964126
 4.994641 2.306529
 5.000777 2.636695
 5.006913 2.939602
 5.013049 3.201976
 5.019185 3.413011
 5.025321 3.564939
 5.031457 3.653406
 5.037593 3.677659
 5.043729 3.640503
 5.049865 3.548054
 5.056001 3.409297
 5.062137 3.235470
 5.068273 3.039328
 5.074408 2.834311
 5.080544 2.633691
 5.086680 2.449725
 5.092816 2.292886
 5.098952 2.171209
 5.105088 2.089790
 5.111224 2.050477
 5.117360 2.051760
 5.123496 2.088880
 5.129632 2.154136
 5.135768 2.237385
 5.141904 2.326695
 5.148040 2.409116
 5.154175 2.471519
 5.160311 2.501453
 5.166447 2.487974
 5.172583 2.422381
 5.178719 2.298832
 5.184855 2.114780
 5.190991 1.871226
 5.197127 1.572754
 5.203263 1.227350
 5.209399 0.846021
 5.215535 0.442224
 5.221671 0.031148
 5.227807 -0.371115
 5.233942 -0.748457
 5.240078 -1.085652
 5.246214 -1.369208
 5.252350 -1.588126
 5.258486 -1.734512
 5.264622 -1.804025
 5.270758 -1.796111
 5.276894 -1.714028
 5.283030 -1.564652
 5.289166 -1.358070
 5.295302 -1.107005
 5.301438 -0.826077
 5.307574 -0.530969
 5.313709 -0.237540
 5.319845 0.039073
 5.325981 0.285296
 5.332117 0.489862
 5.338253 0.644412
 5.344389 0.743917
 5.350525 0.786895
 5.356661 0.775424
 5.362797 0.714929
 5.368933 0.613777
 5.375069 0.482698
 5.381205 0.334065
 5.387341 0.181082
 5.393476 0.036928
 5.399612 -0.086094
 5.405748 -0.177340
 5.411884 -0.228511
 5.418020 -0.234183
 5.424156 -0.192157
 5.430292 -0.103605
 5.436428 0.026994
 5.442564 0.192121
 5.448700 0.381690
 5.454836 0.583666
 5.460972 0.784822
 5.467108 0.971568
 5.473243 1.130814
 5.479379 1.250806
 5.485515 1.321890
 5.491651 1.337150
 5.497787 1.292893
 5.503923 1.188939
 5.510059 1.028697
 5.516195 0.819038
 5.522331 0.569945
 5.528467 0.293984
 5.534603 0.005616
 5.540739 -0.279616
 5.546875 -0.545964
 5.553010 -0.778370
 5.559146 -0.963336
 5.565282 -1.089695
 5.571418 -1.149265
 5.577554 -1.137321
 5.583690 -1.052881
 5.589826 -0.898763
 5.595962 -0.681438
 5.602098 -0.410666
 5.608234 -0.098942
 5.614370 0.239203
 5.620506 0.588031
 5.626642 0.931474
 5.632777 1.254034
 5.638913 1.541644
 5.645049 1.782430
 5.651185 1.967349
 5.657321 2.090645
 5.663457 2.150115
 5.669593 2.147155
 5.675729 2.086596
 5.681865 1.976336
 5.688001 1.826791
 5.694137 1.650201
 5.700273 1.459831
 5.706409 1.269117
 5.712544 1.090817
 5.718680 0.936199
 5.724816 0.814336
 5.730952 0.731545
 5.737088 0.690992
 5.743224 0.692504
 5.749360 0.732589
 5.755496 0.804669
 5.761632 0.899501
 5.767768 1.005776
 5.773904 1.110848
 5.780040 1.201548
 5.786176 1.265046
 5.792311 1.289696
 5.798447 1.265810
 5.804583 1.186333
 5.810719 1.047351
 5.816855 0.848423
 5.822991 0.592702
 5.829127 0.286841
 5.835263 -0.059310
 5.841399 -0.433203
 5.847535 -0.820255
 5.853671 -1.204640
 5.859807 -1.570155
 5.865943 -1.901122
 5.872078 -2.183269
 5.878214 -2.404523
 5.884350 -2.555694
 5.890486 -2.630986
 5.896622 -2.628326
 5.902758 -2.549467
 5.908894 -2.399882
 5.915030 -2.188444
 5.921166 -1.926911
 5.927302 -1.629248
 5.933438 -1.310828
 5.939574 -0.987556
 5.945710 -0.674972
 5.951845 -0.387382
 5.957981 -0.137064
 5.964117 0.066388
 5.970253 0.216564
 5.976389 0.310543
 5.982525 0.348982
 5.988661 0.335994
 5.994797 0.278822
 6.000933 0.187319
 6.007069 0.073286
 6.013205 -0.050316
 6.019341 -0.170204
 6.025477 -0.273634
 6.031612 -0.349220
 6.037748 -0.387664
 6.043884 -0.382347
 6.050020 -0.329761
 6.056156 -0.229736
 6.062292 -0.085460
 6.068428 0.096709
 6.074564 0.307636
 6.080700 0.535969
 6.086836 0.768853
 6.092972 0.992730
 6.099108 1.194197
 6.105244 1.360859
 6.111379 1.482126
 6.117515 1.549909
 6.123651 1.559172
 6.129787 1.508297
 6.135923 1.399251
 6.142059 1.237541
 6.148195 1.031947
 6.154331 0.794070
 6.160467 0.537692
 6.166603 0.278017
 6.172739 0.030809
 6.178875 -0.188501
 6.185011 -0.365701
 6.191146 -0.488615
 6.197282 -0.547810
 6.203418 -0.537142
 6.209554 -0.454120
 6.215690 -0.300059
 6.221826 -0.080010
 6.227962 0.197518
 6.234098 0.521038
 6.240234 0.876731
 6.246370 1.249229
 6.252506 1.622479
 6.258642 1.980640
 6.264778 2.308966
 6.270913 2.594613
 6.277049 2.827332
