; Sample Rate 1024
; Channels 1
0.0000000000000 2.9999999999992
0.0061359231515 3.1089667712506
0.0122718463031 3.1541882018035
0.0184077694546 3.1391468937104
0.0245436926062 3.0705627866502
0.0306796157577 2.9579130416814
0.0368155389093 2.8127911012999
0.0429514620608 2.6481444659087
0.0490873852123 2.4774379187464
0.0552233083639 2.3137933103094
0.0613592315154 2.1691583129423
0.0674951546670 2.0535547003409
0.0736310778185 1.9744518117921
0.0797670009701 1.9363032178888
0.0859029241216 1.9402746767704
0.0920388472731 1.9841798526586
0.0981747704247 2.0626276616037
0.1043106935762 2.1673722707009
0.1104466167278 2.2878444760484
0.1165825398793 2.4118321660073
0.1227184630309 2.5262684960989
0.1288543861824 2.6180798128853
0.1349903093339 2.6750416578014
0.1411262324855 2.6865905862777
0.1472621556370 2.6445420882818
0.1533980787886 2.5436704410882
0.1595340019401 2.3821145347465
0.1656699250916 2.1615840941042
0.1718058482432 1.8873526528375
0.1779417713947 1.5680364071730
0.1840776945463 1.2151709178691
0.1902136176978 0.8426097698792
0.1963495408494 0.4657800195075
0.2024854640009 0.1008378998186
0.2086213871524 -0.2362256816297
0.2147573103040 -0.5304772195799
0.2208932334555 -0.7688776619605
0.2270291566071 -0.9410150115413
0.2331650797586 -1.0396891847254
0.2393010029102 -1.0613145450209
0.2454369260617 -1.0061163114148
0.2515728492132 -0.8781092425262
0.2577087723648 -0.6848598931369
0.2638446955163 -0.4370465571048
0.2699806186679 -0.1478429855753
0.2761165418194 0.1678376180131
0.2822524649710 0.4941935866491
0.2883883881225 0.8154304663959
0.2945243112740 1.1166485218283
0.3006602344256 1.3846698142462
0.3067961575771 1.6087563092440
0.3129320807287 1.7811770793746
0.3190680038802 1.8975917776978
0.3252039270318 1.9572286085097
0.3313398501833 1.9628473699001
0.3374757733348 1.9204910267641
0.3436116964864 1.8390419396559
0.3497476196379 1.7296105510327
0.3558835427895 1.6047943235194
0.3620194659410 1.4778524377985
0.3681553890926 1.3618467225111
0.3742913122441 1.2688012177274
0.3804272353956 1.2089315443286
0.3865631585472 1.1899909468000
0.3926990816987 1.2167727513479
0.3988350048503 1.2907994648823
0.4049709280018 1.4102174101931
0.4111068511534 1.5699033208250
0.4172427743049 1.7617764677071
0.4233786974564 1.9752974171384
0.4295146206080 2.1981231904309
0.4356505437595 2.4168790788887
0.4417864669111 2.6180002413157
0.4479223900626 2.7885919086656
0.4540583132142 2.9172557886878
0.4601942363657 2.9948321950549
0.4663301595172 3.0150123887920
0.4724660826688 2.9747833336975
0.4786020058203 2.8746770603032
0.4847379289719 2.7188085102666
0.4908738521234 2.5146983974755
0.4970097752749 2.2728905108393
0.5031456984265 2.0063852260714
0.5092816215780 1.7299220512915
0.5154175447296 1.4591531367645
0.5215534678811 1.2097562886824
0.5276893910327 0.9965397444478
0.5338253141842 0.8325915628756
0.5399612373357 0.7285239274592
0.5460971604873 0.6918570977984
0.5522330836388 0.7265795122746
0.5583690067904 0.8329101287775
0.5645049299419 1.0072771180609
0.5706408530935 1.2425142052356
0.5767767762450 1.5282630624262
0.5829126993965 1.8515579505936
0.5890486225481 2.1975580317252
0.5951845456996 2.5503840574048
0.6013204688512 2.8940100106252
0.6074563920027 3.2131571058626
0.6135923151543 3.4941375107784
0.6197282383058 3.7255982634603
0.6258641614573 3.8991219114131
0.6320000846089 4.0096490491837
0.6381360077604 4.0556986464091
0.6442719309120 4.0393742000025
0.6504078540635 3.9661565881193
0.6565437772151 3.8444972720911
0.6626797003666 3.6852374270261
0.6688156235181 3.5008889648052
0.6749515466697 3.3048216211395
0.6810874698212 3.1104058262819
0.6872233929728 2.9301636280140
0.6933593161243 2.7749793388252
0.6994952392759 2.6534178768908
0.7056311624274 2.5711921761137
0.7117670855789 2.5308119663409
0.7179030087305 2.5314352000633
0.7240389318820 2.5689311060230
0.7301748550336 2.6361510091187
0.7363107781851 2.7233904482465
0.7424467013367 2.8190145094737
0.7485826244882 2.9102083602489
0.7547185476397 2.9838073317388
0.7608544707913 3.0271559962739
0.7669903939428 3.0289438352659
0.7731263170944 2.9799663911547
0.7792622402459 2.8737651726116
0.7853981633974 2.7071067811157
0.7915340865490 2.4802713026047
0.7976700097005 2.1971314069986
0.8038059328521 1.8650161232210
0.8099418560036 1.4943661592192
0.8160777791552 1.0982001575907
0.8222137023067 0.6914226370788
0.8283496254582 0.2900139251406
0.8344855486098 -0.0898504769804
0.8406214717613 -0.4326993303163
0.8467573949129 -0.7246308991462
0.8528933180644 -0.9540929383873
0.8590292412160 -1.1125313419922
0.8651651643675 -1.1948691100043
0.8713010875190 -1.1997873084983
0.8774370106706 -1.1297914202538
0.8835729338221 -0.9910591891823
0.8897088569737 -0.7930790042985
0.8958447801252 -0.5481002713903
0.9019807032768 -0.2704283381743
0.9081166264283 0.0243942866762
0.9142525495798 0.3204720008405
0.9203884727314 0.6024532546473
0.9265243958829 0.8563878983579
0.9326603190345 1.0704943372186
0.9387962421860 1.2357915926013
0.9449321653376 1.3465595316253
0.9510680884891 1.4006008789582
0.9572040116406 1.3992905370593
0.9633399347922 1.3474105038894
0.9694758579437 1.2527815235034
0.9756117810953 1.1257147650410
0.9817477042468 0.9783175706917
0.9878836273984 0.8236960024646
0.9940195505499 0.6751030253955
1.0001554737014 0.5450843346214
1.0062913968530 0.4446738671591
1.0124273200045 0.3826879454547
1.0185632431561 0.3651609589386
1.0246991663076 0.3949568684864
1.0308350894592 0.4715801380609
1.0369710126107 0.5911975948303
1.0431069357622 0.7468699273668
1.0492428589138 0.9289788150968
1.0553787820653 1.1258238094074
1.0615147052169 1.3243527681857
1.0676506283684 1.5109815050562
1.0737865515200 1.6724528388512
1.0799224746715 1.7966827511892
1.0860583978230 1.8735420280495
1.0921943209746 1.8955255380968
1.0983302441261 1.8582679611838
1.1044661672777 1.7608739256712
1.1106020904292 1.6060415961100
1.1167380135808 1.3999711125771
1.1228739367323 1.1520621717499
1.1290098598838 0.8744176966625
1.1351457830354 0.5811821938556
1.1412817061869 0.2877533589179
1.1474176293385 0.0099131562017
1.1535535524900 -0.2370704935734
1.1596894756415 -0.4393184191928
1.1658253987931 -0.5851396072087
1.1719613219446 -0.6657080080197
1.1780972450962 -0.6755766511793
1.1842331682477 -0.6129985931160
1.1903690913993 -0.4800356500217
1.1965050145508 -0.2824484402538
1.2026409377023 -0.0293742170010
1.2087768608539 0.2671884580851
1.2149127840054 0.5930577179618
1.2210487071570 0.9326689764291
1.2271846303085 1.2699507908992
1.2333205534601 1.5892243023336
1.2394564766116 1.8760732539169
1.2455923997631 2.1181334467869
1.2517283229147 2.3057554048672
1.2578642460662 2.4325016847244
1.2640001692178 2.4954502254786
1.2701360923693 2.4952867911466
1.2762720155209 2.4361822098089
1.2824079386724 2.3254630064212
1.2885438618239 2.1730963847241
1.2946797849755 1.9910215959824
1.3008157081270 1.7923688797237
1.3069516312786 1.5906138215925
1.3130875544301 1.3987187489225
1.3192234775817 1.2283134569539
1.3253594007332 1.0889650758907
1.3314953238847 0.9875814193153
1.3376312470363 0.9279840086653
1.3437671701878 0.9106766544140
1.3499030933394 0.9328236003221
1.3560390164909 0.9884385201711
1.3621749396425 1.0687728671796
1.3683108627940 1.1628799712622
1.3744467859455 1.2583206012271
1.3805827090971 1.3419670852290
1.3867186322486 1.4008570453800
1.3928545554002 1.4230447064440
1.3989904785517 1.3983977729001
1.4051264017033 1.3192910399110
1.4112623248548 1.1811540091124
1.4173982480063 0.9828384736173
1.4235341711579 0.7267827770728
1.4296700943094 0.4189616157098
1.4358060174610 0.0686230989401
1.4419419406125 -0.3121724579934
1.4480778637641 -0.7091856142957
1.4542137869156 -1.1067660209165
1.4603497100671 -1.4887108638157
1.4664856332187 -1.8391631399675
1.4726215563702 -2.1434968824722
1.4787574795218 -2.3891371214258
1.4848934026733 -2.5662661596645
1.4910293258248 -2.6683744153159
1.4971652489764 -2.6926232624727
1.5033011721279 -2.6399984174344
1.5094370952795 -2.5152448191431
1.5155730184310 -2.3265868960407
1.5217089415826 -2.0852508189970
1.5278448647341 -1.8048170576994
1.5339807878856 -1.5004415833248
1.5401167110372 -1.1879917928604
1.5462526341887 -0.8831482136625
1.5523885573403 -0.6005249792070
1.5585244804918 -0.3528608347339
1.5646604036434 -0.1503281167256
1.5707963267949 0.0000000000003
1.5769322499464 0.0944932337162
1.5830681730980 0.1330995250596
1.5892040962495 0.1192650938941
1.5953400194011 0.0596452599674
1.6014759425526 -0.0363754100095
1.6076118657042 -0.1573236736649
1.6137477888557 -0.2903993647042
1.6198837120072 -0.4223115943681
1.6260196351588 -0.5401382936503
1.6321555583103 -0.6321566887578
1.6382914814619 -0.6885941573536
1.6444274046134 -0.7022538091209
1.6505633277650 -0.6689767779239
1.6566992509165 -0.5879131397580
1.6628351740680 -0.4615849898483
1.6689710972196 -0.2957378174378
1.6751070203711 -0.0989891577570
1.6812429435227 0.1177041991690
1.6873788666742 0.3417281449741
1.6935147898258 0.5596009539188
1.6996507129773 0.7578227817851
1.7057866361288 0.9237332857733
1.7119225592804 1.0463250965354
1.7180584824319 1.1169634210915
1.7241944055835 1.1299676008635
1.7303303287350 1.0830186604708
1.7364662518866 0.9773672623340
1.7426021750381 0.8178284183851
1.7487380981896 0.6125620783931
1.7548740213412 0.3726515570063
1.7610099444927 0.1115039040466
1.7671458676443 -0.1558929611177
1.7732817907958 -0.4138128839752
1.7794177139473 -0.6466843528456
1.7855536370989 -0.8399809912385
1.7916895602504 -0.9810570711627
1.7978254834020 -1.0598786303709
1.8039614065535 -1.0696069037541
1.8100973297051 -1.0069994940444
1.8162332528566 -0.8726054848931
1.8223691760081 -0.6707429042178
1.8285050991597 -0.4092598373375
1.8346410223112 -0.0990933089006
1.8407769454628 0.2463479729716
1.8469128686143 0.6119405065138
1.8530487917659 0.9816977757055
1.8591847149174 1.3396666219732
1.8653206380689 1.6708153451196
1.8714565612205 1.9618612761814
1.8775924843720 2.2019892765957
1.8837284075236 2.3834192276495
1.8898643306751 2.5017896855422
1.8960002538267 2.5563359270572
1.9021361769782 2.5498529606942
1.9082721001297 2.4884469616814
1.9144080232813 2.3810912569300
1.9205439464328 2.2390146623661
1.9266798695844 2.0749599686595
1.9328157927359 1.9023580844033
1.9389517158875 1.7344683116745
1.9450876390390 1.5835371573947
1.9512235621905 1.4600268563781
1.9573594853421 1.3719604760881
1.9634954084936 1.3244233488334
1.9696313316452 1.3192510611935
1.9757672547967 1.3549228991867
1.9819031779483 1.4266671784948
1.9880391010998 1.5267720351061
1.9941750242513 1.6450827824837
2.0003109474029 1.7696556096504
2.0064468705544 1.8875278797568
2.0125827937060 1.9855581627446
2.0187187168575 2.0512848310749
2.0248546400091 2.0737508193286
2.0309905631606 2.0442440764007
2.0371264863121 1.9569082062805
2.0432624094637 1.8091855041515
2.0493983326152 1.6020645891573
2.0555342557668 1.3401165131312
2.0616701789183 1.0313158864591
2.0678061020698 0.6866564543465
2.0739420252214 0.3195828960723
2.0800779483729 -0.0547283213222
2.0862138715245 -0.4201970973123
2.0923497946760 -0.7607283154210
2.0984857178276 -1.0611086588643
2.1046216409791 -1.3078587663372
2.1107575641306 -1.4899904227559
2.1168934872822 -1.5996240448792
2.1230294104337 -1.6324299534844
2.1291653335853 -1.5878673393407
2.1353012567368 -1.4692068043103
2.1414371798884 -1.2833351768037
2.1475731030399 -1.0403541945866
2.1537090261914 -0.7529968527625
2.1598449493430 -0.4358959916980
2.1659808724945 -0.1047484161059
2.1721167956461 0.2245760350852
2.1782527187976 0.5369278758888
2.1843886419492 0.8187211825080
2.1905245651007 1.0586771014401
2.1966604882522 1.2484241830119
2.2027964114038 1.3829207197835
2.2089323345553 1.4606749812794
2.2150682577069 1.4837513791293
2.2212041808584 1.4575634415226
2.2273401040100 1.3904672405750
2.2334760271615 1.2931808549869
2.2396119503130 1.1780658277558
2.2457478734646 1.0583147915668
2.2518837966161 0.9470949779410
2.2580197197677 0.8566998758364
2.2641556429192 0.7977607113467
2.2702915660708 0.7785657114214
2.2764274892223 0.8045285273636
2.2825634123738 0.8778381113453
2.2886993355254 0.9973113216989
2.2948352586769 1.1584572312197
2.3009711818285 1.3537492720967
2.3071071049800 1.5730887476221
2.3132430281316 1.8044316181815
2.3193789512831 2.0345405467576
2.3255148744346 2.2498165403904
2.3316507975862 2.4371596328886
2.3377867207377 2.5848061962683
2.3439226438893 2.6830917668386
2.3500585670408 2.7250926529923
2.3561944901924 2.7071067811628
2.3623304133439 2.6289438222211
2.3684663364954 2.4940060313119
2.3746022596470 2.3091537622146
2.3807381827985 2.0843625226011
2.3868741059501 1.8321909489353
2.3930100291016 1.5670904505670
2.3991459522531 1.3045968164293
2.4052818754047 1.0604512236410
2.4114177985562 0.8497024067025
2.4175537217078 0.6858429756545
2.4236896448593 0.5800309399743
2.4298255680109 0.5404425130001
2.4359614911624 0.5717945387424
2.4420974143139 0.6750648569669
2.4482333374655 0.8474272072224
2.4543692606170 1.0824045629920
2.4605051837686 1.3702318440395
2.4666411069201 1.6984065581804
2.4727770300717 2.0523947988720
2.4789129532232 2.4164508587122
2.4850488763747 2.7745020323534
2.4911847995263 3.1110464012416
2.4973207226778 3.4120107192281
2.5034566458294 3.6655180023448
2.5095925689809 3.8625199219964
2.5157284921325 3.9972572600226
2.5218644152840 4.0675220409763
2.5280003384355 4.0747068653272
2.5341362615871 4.0236397338597
2.5402721847386 3.9222154990404
2.5464081078902 3.7808472385475
2.5525440310417 3.6117715941118
2.5586799541933 3.4282508058171
2.5648158773448 3.2437202824046
2.5709518004963 3.0709337166567
2.5770877236479 2.9211577895260
2.5832236467994 2.8034654135680
2.5893595699510 2.7241704246922
2.5954954931025 2.6864380111598
2.6016314162541 2.6900944882718
2.6077673394056 2.7316479240390
2.6139032625571 2.8045183306735
2.6200391857087 2.8994634191951
2.6261751088602 3.0051740434796
2.6323110320118 3.1090031407949
2.6384469551633 3.1977838350499
2.6445828783149 3.2586868953368
2.6507188014664 3.2800652621982
2.6568547246179 3.2522340251760
2.6629906477695 3.1681380092333
2.6691265709210 3.0238657907203
2.6752624940726 2.8189781081691
2.6813984172241 2.5566297147383
2.6875343403756 2.2434760818563
2.6936702635272 1.8893692493613
2.6998061866787 1.5068597752416
2.7059421098303 1.1105333929909
2.7120780329818 0.7162209397008
2.7182139561334 0.3401277908571
2.7243498792849 -0.0020660609728
2.7304858024364 -0.2960822768633
2.7366217255880 -0.5298450962025
2.7427576487395 -0.6941596043316
2.7488935718911 -0.7832272486654
2.7550294950426 -0.7949681224049
2.7611654181942 -0.7311309620734
2.7673013413457 -0.5971843799235
2.7734372644972 -0.4019958061662
2.7795731876488 -0.1573171885214
2.7857091108003 0.1228920728179
2.7918450339519 0.4232648650932
2.7979809571034 0.7279014736214
2.8041168802550 1.0212683674136
2.8102528034065 1.2890676631202
2.8163887265580 1.5190261282356
2.8225246497096 1.7015574970208
2.8286605728611 1.8302595364462
2.8347964960127 1.9022172581240
2.8409324191642 1.9180953292080
2.8470683423158 1.8820153865133
2.8532042654673 1.8012268508401
2.8593401886188 1.6855921956640
2.8654761117704 1.5469187074775
2.8716120349219 1.3981779211714
2.8777479580735 1.2526605733830
2.8838838812250 1.1231186931178
2.8900198043766 1.0209471186396
2.8961557275281 0.9554542493632
2.9022916506796 0.9332663683331
2.9084275738312 0.9579017276867
2.9145634969827 1.0295402732359
2.9206994201343 1.1450030095160
2.9268353432858 1.2979422918214
2.9329712664374 1.4792315383858
2.9391071895889 1.6775307550452
2.9452431127404 1.8799935818403
2.9513790358920 2.0730729510462
2.9575149590435 2.2433764062222
2.9636508821951 2.3785190351953
2.9697868053466 2.4679220072956
2.9759227284981 2.5035078716432
2.9820586516497 2.4802498834439
2.9881945748012 2.3965413138695
2.9943304979528 2.2543614442816
3.0004664211043 2.0592271054668
3.0066023442559 1.8199314709821
3.0127382674074 1.5480845731253
3.0188741905589 1.2574819277392
3.0250101137105 0.9633380001087
3.0311460368620 0.6814294130612
3.0372819600136 0.4271982884878
3.0434178831651 0.2148685965684
3.0495538063167 0.0566277210798
3.0556897294682 -0.0380783431376
3.0618256526197 -0.0630944195044
3.0679615757713 -0.0159176415628
3.0740974989228 0.1021504402583
3.0802334220744 0.2860701825547
3.0863693452259 0.5273447079162
3.0925052683775 0.8144986941160
3.0986411915290 1.1337267729108
3.1047771146805 1.4696731916352
3.1109130378321 1.8062966588249
3.1170489609836 2.1277693130136
3.1231848841352 2.4193568206024
3.1293208072867 2.6682278419995
3.1354567304383 2.8641454207936
3.1415926535898 2.9999999999648
3.1477285767413 3.0721533113793
3.1538644998929 3.0805737559246
3.1600004230444 3.0287564049746
3.1661363461960 2.9234336594733
3.1722722693475 2.7740951286664
3.1784081924991 2.5923466867511
3.1845441156506 2.3911482443205
3.1906800388021 2.1839769697896
3.1968159619537 1.9839670693394
3.2029518851052 1.8030785369987
3.2090878082568 1.6513454306802
3.2152237314083 1.5362493314594
3.2213596545599 1.4622560059409
3.2274955777114 1.4305433575637
3.2336315008629 1.4389371417130
3.2397674240145 1.4820583071025
3.2459033471660 1.5516729905805
3.2520392703176 1.6372238917375
3.2581751934691 1.7265107313411
3.2643111166206 1.8064784229893
3.2704470397722 1.8640649924970
3.2765829629237 1.8870575776614
3.2827188860753 1.8649042441898
3.2888548092268 1.7894319014073
3.2949907323784 1.6554261519885
3.3011266555299 1.4610371128403
3.3072625786814 1.2079856339379
3.3133985018330 0.9015562683854
3.3195344249845 0.5503761220529
3.3256703481361 0.1659915525285
3.3318062712876 -0.2377331755991
3.3379421944392 -0.6453604464980
3.3440781175907 -1.0407235919463
3.3502140407422 -1.4078213965805
3.3563499638938 -1.7317101783437
3.3624858870453 -1.9993408431558
3.3686218101969 -2.2002914893590
3.3747577333484 -2.3273522705247
3.3808936565000 -2.3769279315857
3.3870295796515 -2.3492342210968
3.3931655028030 -2.2482765781067
3.3993014259546 -2.0816123919531
3.4054373491061 -1.8599109486274
3.4115732722577 -1.5963371514700
3.4177091954092 -1.3057955197606
3.4238451185608 -1.0040792023716
3.4299810417123 -0.7069743045587
3.4361169648638 -0.4293723849269
3.4422528880154 -0.1844433800653
3.4483888111669 0.0170824999971
3.4545247343185 0.1674819722924
3.4606606574700 0.2624221513779
3.4667965806216 0.3011385180164
3.4729325037731 0.2863979588062
3.4790684269246 0.2242503371324
3.4852043500762 0.1235847196539
3.4913402732277 -0.0044819400258
3.4974761963793 -0.1473458648694
3.5036121195308 -0.2917417590794
3.5097480426824 -0.4246018798608
3.5158839658339 -0.5338964763461
3.5220198889854 -0.6094044218718
3.5281558121370 -0.6433671730447
3.5342917352885 -0.6309863136975
3.5404276584401 -0.5707344572771
3.5465635815916 -0.4644606136458
3.5526995047432 -0.3172835954858
3.5588354278947 -0.1372798934584
3.5649713510462 0.0650150805132
3.5711072741978 0.2772621515945
3.5772431973493 0.4860901954718
3.5833791205009 0.6779377349192
3.5895150436524 0.8399131430719
3.5956509668039 0.9606210472854
3.6017868899555 1.0309044568790
3.6079228131070 1.0444571040226
3.6140587362586 0.9982681982459
3.6201946594101 0.8928717894497
3.6263305825617 0.7323846118112
3.6324665057132 0.5243289441601
3.6386024288647 0.2792499122590
3.6447383520163 0.0101490002685
3.6508742751678 -0.2682334042224
3.6570101983194 -0.5402445006351
3.6631461214709 -0.7902060618885
3.6692820446225 -1.0033096592298
3.6754179677740 -1.1664672721033
3.6815538909255 -1.2690669849481
3.6876898140771 -1.3035890354996
3.6938257372286 -1.2660457120999
3.6999616603802 -1.1562190127065
3.7060975835317 -0.9776819511432
3.7122335066833 -0.7376022152964
3.7183694298348 -0.4463397738689
3.7245053529863 -0.1168622341732
3.7306412761379 0.2359874709057
3.7367771992894 0.5963277720818
3.7429131224410 0.9481301061944
3.7490490455925 1.2761129173064
3.7551849687441 1.5665853791737
3.7613208918956 1.8081913136873
3.7674568150471 1.9925098307156
3.7735927381987 2.1144778671326
3.7797286613502 2.1726105160391
3.7858645845018 2.1690071800999
3.7920005076533 2.1091444271665
3.7981364308049 2.0014691933867
3.8042723539564 1.8568179156355
3.8104082771079 1.6876975557900
3.8165442002595 1.5074726897336
3.8226801234110 1.3295083797906
3.8288160465626 1.1663210992881
3.8349519697141 1.0287893819839
3.8410878928657 0.9254721646197
3.8472238160172 0.8620761993959
3.8533597391687 0.8411048358585
3.8594956623203 0.8617094500681
3.8656315854718 0.9197525004513
3.8717675086234 1.0080783496681
3.8779034317749 1.1169753852648
3.8840393549264 1.2348013548452
3.8901752780780 1.3487339031414
3.8963112012295 1.4456006564853
3.9024471243811 1.5127383032529
3.9085830475326 1.5388282644025
3.9147189706842 1.5146578477926
3.9208548938357 1.4337601567157
3.9269908169872 1.2928932187825
3.9331267401388 1.0923283808172
3.9392626632903 0.8359294114283
3.9453985864419 0.5310162785899
3.9515345095934 0.1880204733219
3.9576704327450 -0.1800487321668
3.9638063558965 -0.5582963391885
3.9699422790480 -0.9307516873748
3.9760782021996 -1.2812490859795
3.9822141253511 -1.5943272464891
3.9883500485027 -1.8560945207425
3.9944859716542 -2.0550088842520
4.0006218948058 -2.1825265818036
4.0067578179573 -2.2335810903240
4.0128937411088 -2.2068640759139
4.0190296642604 -2.1048917405679
4.0251655874119 -1.9338526628152
4.0313015105635 -1.7032461785844
4.0374374337150 -1.4253327484592
4.0435733568666 -1.1144288798166
4.0497092800181 -0.7860883413283
4.0558452031696 -0.4562180925198
4.0619811263212 -0.1401811332774
4.0681170494727 0.1480608475363
4.0742529726243 0.3967146303986
4.0803888957758 0.5967875309742
4.0865248189274 0.7425476329385
4.0926607420789 0.8317858045358
4.0987966652304 0.8658650221460
4.1049325883820 0.8495552923756
4.1110685115335 0.7906653069604
4.1172044346851 0.6994941251702
4.1233403578366 0.5881369266641
4.1294762809882 0.4696875615892
4.1356122041397 0.3573867387216
4.1417481272912 0.2637678559891
4.1478840504428 0.1998525167336
4.1540199735943 0.1744446777256
4.1601558967459 0.1935663342047
4.1662918198974 0.2600690293549
4.1724277430489 0.3734447894475
4.1785636662005 0.5298479884702
4.1846995893520 0.7223268508263
4.1908355125036 0.9412505843644
4.1969714356551 1.1749062664629
4.2031073588067 1.4102292820013
4.2092432819582 1.6336229776354
4.2153792051097 1.8318177148333
4.2215151282613 1.9927170318613
4.2276510514128 2.1061792899161
4.2337869745644 2.1646869550896
4.2399228977159 2.1638623317191
4.2460588208675 2.1027977031454
4.2521947440190 1.9841789243891
4.2583306671705 1.8141938649338
4.2644665903221 1.6022299944851
4.2706025134736 1.3603780565152
4.2767384366252 1.1027704296724
4.2828743597767 0.8447927377130
4.2890102829283 0.6022149326537
4.2951462060798 0.3902929872232
4.3012821292313 0.2228941923726
4.3074180523829 0.1116977532825
4.3135539755344 0.0655179876250
4.3196898986860 0.0897902135309
4.3258258218375 0.1862498065939
4.3319617449891 0.3528234701336
4.3380976681406 0.5837391974440
4.3442335912921 0.8698484423489
4.3503695144437 1.1991414496121
4.3565054375952 1.5574252621493
4.3626413607468 1.9291243103529
4.3687772838983 2.2981562793000
4.3749132070499 2.6488315516671
4.3810491302014 2.9667232307463
4.3871850533529 3.2394565992132
4.3933209765045 3.4573717876915
4.3994568996560 3.6140210884680
4.4055928228076 3.7064723082661
4.4117287459591 3.7354012146837
4.4178646691107 3.7049687780943
4.4240005922622 3.6224918084435
4.4301365154137 3.4979279399298
4.4362724385653 3.3432070031189
4.4424083617168 3.1714499692168
4.4485442848684 2.9961233104828
4.4546802080199 2.8301803994940
4.4608161311715 2.6852422378075
4.4669520543230 2.5708673265699
4.4730879774745 2.4939550174144
4.4792239006261 2.4583185398869
4.4853598237776 2.4644535857633
4.4914957469292 2.5095164555336
4.4976316700807 2.5875130583464
4.5037675932322 2.6896872636476
4.5099035163838 2.8050850012551
4.5160394395353 2.9212598258614
4.5221753626869 3.0250770400961
4.5283112858384 3.1035674316014
4.5344472089900 3.1447785836897
4.5405831321415 3.1385717550807
4.5467190552930 3.0773154926845
4.5528549784446 2.9564332499437
4.5589909015961 2.7747709731654
4.5651268247477 2.5347613633286
4.5712627478992 2.2423736797445
4.5773986710508 1.9068508023141
4.5835345942023 1.5402480262766
4.5896705173538 1.1567999832422
4.5958064405054 0.7721524262805
4.6019423636569 0.4025037869624
4.6080782868085 0.0637069019696
4.6142142099600 -0.2296162109975
4.6203501331116 -0.4648943129015
4.6264860562631 -0.6323132175982
4.6326219794146 -0.7253666333348
4.6387579025662 -0.7412190023925
4.6448938257177 -0.6808588860484
4.6510297488693 -0.5490338442769
4.6571656720208 -0.3539707015433
4.6633015951724 -0.1068977990764
4.6694375183239 0.1786024496144
4.6755734414754 0.4873723566826
4.6817093646270 0.8035430360792
4.6878452877785 1.1114326997046
4.6939812109301 1.3964261819460
4.7001171340816 1.6457839344485
4.7062530572332 1.8493330468617
4.7123889803847 1.9999999999742
4.7185249035362 2.0941543973019
4.7246608266878 2.1317442942412
4.7307967498393 2.1162162550447
4.7369326729909 2.0542261733320
4.7430685961424 1.9551594189257
4.7492045192940 1.8304902663369
4.7553404424455 1.6930201426032
4.7614763655970 1.5560414255451
4.7676122887486 1.4324779008378
4.7737482119001 1.3340542860967
4.7798841350517 1.2705453740165
4.7860200582032 1.2491504509323
4.7921559813547 1.2740310040740
4.7982919045063 1.3460398023196
4.8044278276578 1.4626578186757
4.8105637508094 1.6181428540314
4.8166996739609 1.8038808841701
4.8228355971125 2.0089188499286
4.8289715202640 2.2206465921373
4.8351074434155 2.4255865516367
4.8412433665671 2.6102432660742
4.8473792897186 2.7619609891466
4.8535152128702 2.8697371605612
4.8596511360217 2.9249420073307
4.8657870591733 2.9219001003829
4.8719229823248 2.8582979012369
4.8780589054763 2.7353917151762
4.8841948286279 2.5580024006273
4.8903307517794 2.3342959556659
4.8964666749310 2.0753619432447
4.9026025980825 1.7946138589184
4.9087385212341 1.5070462635102
4.9148744443856 1.2283921459859
4.9210103675371 0.9742300436315
4.9271462906887 0.7590935469901
4.9332822138402 0.5956357840793
4.9394181369918 0.4938983009998
4.9455540601433 0.4607276274848
4.9516899832949 0.4993741040673
4.9578259064464 0.6092967657973
4.9639618295979 0.7861858766451
4.9700977527495 1.0222018132425
4.9762336759010 1.3064161799980
4.9823695990526 1.6254290624712
4.9885055222041 1.9641259136549
4.9946414453557 2.3065293309121
5.0007773685072 2.6366954239972
5.0069132916587 2.9396019134067
5.0130492148103 3.2019756997182
5.0191851379618 3.4130113593820
5.0253210611134 3.5649386313904
5.0314569842649 3.6534060683624
5.0375929074165 3.6776590794794
5.0437288305680 3.6405029375161
5.0498647537195 3.5480542110047
5.0560006768711 3.4092967453196
5.0621366000226 3.2354699962757
5.0682725231742 3.0393275128241
5.0744084463257 2.8343110758818
5.0805443694772 2.6336909709294
5.0866802926288 2.4497247951284
5.0928162157803 2.2928859765482
5.0989521389319 2.1712088758008
5.1050880620834 2.0897902135388
5.1112239852350 2.0504770568249
5.1173599083865 2.0517602596459
5.1234958315380 2.0888797899843
5.1296317546896 2.1541355159327
5.1357676778411 2.2373845589458
5.1419036009927 2.3266949884446
5.1480395241442 2.4091161155654
5.1541754472958 2.4715185225774
5.1603113704473 2.5014526537531
5.1664472935988 2.4879735716522
5.1725832167504 2.4223814047480
5.1787191399019 2.2988319837880
5.1848550630535 2.1147798747077
5.1909909862050 1.8712260061638
5.1971269093566 1.5727537750015
5.2032628325081 1.2273501671197
5.2093987556596 0.8460213302465
5.2155346788112 0.4422243686931
5.2216706019627 0.0311481925199
5.2278065251143 -0.3711146402372
5.2339424482658 -0.7484565461360
5.2400783714174 -1.0856517353908
5.2462142945689 -1.3692083726898
5.2523502177204 -1.5881257714557
5.2584861408720 -1.7345118839939
5.2646220640235 -1.8040245782045
5.2707579871751 -1.7961106070580
5.2768939103266 -1.7140281547246
5.2830298334782 -1.5646516554277
5.2891657566297 -1.3580704812525
5.2953016797812 -1.1070052936315
5.3014376029328 -0.8260766357187
5.3075735260843 -0.5309690559694
5.3137094492359 -0.2375401814519
5.3198453723874 0.0390726643795
5.3259812955390 0.2852956675986
5.3321172186905 0.4898620270217
5.3382531418420 0.6444122843293
5.3443890649936 0.7439166581610
5.3505249881451 0.7868952744605
5.3566609112967 0.7754243283072
5.3627968344482 0.7149290535927
5.3689327575997 0.6137771471842
5.3750686807513 0.4826982269970
5.3812046039028 0.3340652861217
5.3873405270544 0.1810823145027
5.3934764502059 0.0369278036602
5.3996123733575 -0.0860935977919
5.4057482965090 -0.1773396089614
5.4118842196605 -0.2285110560096
5.4180201428121 -0.2341834529597
5.4241560659636 -0.1921571284671
5.4302919891152 -0.1036046241686
5.4364279122667 0.0269936096196
5.4425638354183 0.1921213559185
5.4486997585698 0.3816901386126
5.4548356817213 0.5836660056852
5.4609716048729 0.7848215704973
5.4671075280244 0.9715676506339
5.4732434511760 1.1308139469897
5.4793793743275 1.2508063516335
5.4855152974791 1.3218897712583
5.4916512206306 1.3371497311839
5.4977871437821 1.2928932187943
5.5039230669337 1.1889388063456
5.5100589900852 1.0286974879583
5.5161949132368 0.8190381913538
5.5223308363883 0.5699448295800
5.5284667595399 0.2939842736780
5.5346026826914 0.0056159934438
5.5407386058429 -0.2796163381962
5.5468745289945 -0.5459638393179
5.5530104521460 -0.7783702527359
5.5591463752976 -0.9633356299090
5.5652822984491 -1.0896948100148
5.5714182216007 -1.1492646174775
5.5775541447522 -1.1373214379724
5.5836900679037 -1.0528808553011
5.5898259910553 -0.8987627496181
5.5959619142068 -0.6814379657345
5.6020978373584 -0.4106656024527
5.6082337605099 -0.0989423732277
5.6143696836615 0.2392033898539
5.6205056068130 0.5880313473172
5.6266415299645 0.9314739536430
5.6327774531161 1.2540342402812
5.6389133762676 1.5416436993130
5.6450492994192 1.7824298719569
5.6511852225707 1.9673487399106
5.6573211457222 2.0906451793509
5.6634570688738 2.1501150912335
5.6695929920253 2.1471547337347
5.6757289151769 2.0865955453100
5.6818648383284 1.9763355946104
5.6880007614800 1.8267909532197
5.6941366846315 1.6502010332739
5.7002726077830 1.4598306210060
5.7064085309346 1.2691174461360
5.7125444540861 1.0908172961391
5.7186803772377 0.9361987203298
5.7248163003892 0.8143362720897
5.7309522235408 0.7315452003178
5.7370881466923 0.6909918778565
5.7432240698438 0.6925035758350
5.7493599929954 0.7325890890738
5.7554959161469 0.8046689270042
5.7616318392985 0.8995010686272
5.7677677624500 1.0057764060789
5.7739036856016 1.1108476852753
5.7800396087531 1.2015476092309
5.7861755319046 1.2650462967157
5.7923114550562 1.2896958089065
5.7984473782077 1.2658101267337
5.8045833013593 1.1863327383864
5.8107192245108 1.0473506552721
5.8168551476624 0.8484228234003
5.8229910708139 0.5927019765542
5.8291269939654 0.2868413404382
5.8352629171170 -0.0593095162106
5.8413988402685 -0.4332027311426
5.8475347634201 -0.8202554904153
5.8536706865716 -1.2046400991270
5.8598066097232 -1.5701545457611
5.8659425328747 -1.9011224221322
5.8720784560262 -2.1832691931668
5.8782143791778 -2.4045231200351
5.8843503023293 -2.5556935264867
5.8904862254809 -2.6309863137071
5.8966221486324 -2.6283262422463
5.9027580717840 -2.5494669282703
5.9088939949355 -2.3998820739925
5.9150299180870 -2.1884444085355
5.9211658412386 -1.9269113853965
5.9273017643901 -1.6292481155673
5.9334376875417 -1.3108276259633
5.9395736106932 -0.9875557463787
5.9457095338448 -0.6749723222178
5.9518454569963 -0.3873817479716
5.9579813801478 -0.1370639622565
5.9641173032994 0.0663878707002
5.9702532264509 0.2165644293631
5.9763891496025 0.3105434488747
5.9825250727540 0.3489821348925
5.9886609959055 0.3359944798130
5.9947969190571 0.2788220798924
6.0009328422086 0.1873194066466
6.0070687653602 0.0732855697060
6.0132046885117 -0.0503162447195
6.0193406116633 -0.1702038181371
6.0254765348148 -0.2736338056924
6.0316124579663 -0.3492202168879
6.0377483811179 -0.3876636603256
6.0438843042694 -0.3823470182358
6.0500202274210 -0.3297613581167
6.0561561505725 -0.2297362045846
6.0622920737241 -0.0854601716832
6.0684279968756 0.0967093330505
6.0745639200271 0.3076358235330
6.0806998431787 0.5359692632840
6.0868357663302 0.7688531158350
6.0929716894818 0.9927300055668
6.0991076126333 1.1941970408828
6.1052435357849 1.3608587500781
6.1113794589364 1.4821256228524
6.1175153820879 1.5499094115597
6.1236513052395 1.5591724615143
6.1297872283910 1.5082970247528
6.1359231515426 1.3992512573921
6.1420590746941 1.2375407633613
6.1481949978457 1.0319473908197
6.1543309209972 0.7940697526991
6.1604668441487 0.5376918547087
6.1666027673003 0.2780165654664
6.1727386904518 0.0308088287573
6.1788746136034 -0.1885009916303
6.1850105367549 -0.3657007579342
6.1911464599065 -0.4886149898682
6.1972823830580 -0.5478096623480
6.2034183062095 -0.5371416314572
6.2095542293611 -0.4541201219013
6.2156901525126 -0.3000588294096
6.2218260756642 -0.0800095933963
6.2279619988157 0.1975184669364
6.2340979219673 0.5210377451467
6.2402338451188 0.8767305513099
6.2463697682703 1.2492287770716
6.2525056914219 1.6224787457908
6.2586416145734 1.9806401858133
6.2647775377250 2.3089663318347
6.2709134608765 2.5946133960672
6.2770493840280 2.8273319610263
0.0000000000000 2.9999999999992
0.0000000000000 2.9999999999992
0.0000000000000 2.9999999999992
0.0000000000000 2.9999999999992
0.0000000000000 2.9999999999992
0.0000000000000 2.9999999999992
0.0000000000000 2.9999999999992
0.0000000000000 2.9999999999992
0.0000000000000 2.9999999999992
0.0000000000000 2.9999999999992
0.0000000000000 2.9999999999992
0.0000000000000 2.9999999999992
0.0000000000000 2.9999999999992
0.0000000000000 2.9999999999992
0.0000000000000 2.9999999999992
0.0000000000000 2.9999999999992
0.0000000000000 2.9999999999992
0.0000000000000 2.9999999999992
0.0000000000000 2.9999999999992
0.0000000000000 2.9999999999992
0.0000000000000 2.9999999999992
0.0000000000000 2.9999999999992
0.0000000000000 2.9999999999992
0.0000000000000 2.9999999999992
0.0000000000000 2.9999999999992
0.0000000000000 2.9999999999992
0.0000000000000 2.9999999999992
0.0000000000000 2.9999999999992
0.0000000000000 2.9999999999992
0.0000000000000 2.9999999999992
0.0000000000000 2.9999999999992
0.0000000000000 2.9999999999992
0.0000000000000 2.9999999999992
0.0000000000000 2.9999999999992
0.0000000000000 2.9999999999992
0.0000000000000 2.9999999999992
0.0000000000000 2.9999999999992
0.0000000000000 2.9999999999992
0.0000000000000 2.9999999999992
0.0000000000000 2.9999999999992
0.0000000000000 2.9999999999992
0.0000000000000 2.9999999999992
0.0000000000000 2.9999999999992
0.0000000000000 2.9999999999992
0.0000000000000 2.9999999999992
0.0000000000000 2.9999999999992
0.0000000000000 2.9999999999992
0.0000000000000 2.9999999999992
0.0000000000000 2.9999999999992
0.0000000000000 2.9999999999992
0.0000000000000 2.9999999999992
0.0000000000000 2.9999999999992
0.0000000000000 2.9999999999992
0.0000000000000 2.9999999999992
0.0000000000000 2.9999999999992
0.0000000000000 2.9999999999992
0.0000000000000 2.9999999999992
0.0000000000000 2.9999999999992
0.0000000000000 2.9999999999992
0.0000000000000 2.9999999999992
0.0000000000000 2.9999999999992
0.0000000000000 2.9999999999992
0.0000000000000 2.9999999999992
0.0000000000000 2.9999999999992
0.0000000000000 2.9999999999992
0.0000000000000 2.9999999999992
0.0000000000000 2.9999999999992
0.0000000000000 2.9999999999992
0.0000000000000 2.9999999999992
0.0000000000000 2.9999999999992
0.0000000000000 2.9999999999992
0.0000000000000 2.9999999999992
0.0000000000000 2.9999999999992
0.0000000000000 2.9999999999992
0.0000000000000 2.9999999999992
0.0000000000000 2.9999999999992
0.0000000000000 2.9999999999992
0.0000000000000 2.9999999999992
0.0000000000000 2.9999999999992
0.0000000000000 2.9999999999992
0.0000000000000 2.9999999999992
0.0000000000000 2.9999999999992
0.0000000000000 2.9999999999992
0.0000000000000 2.9999999999992
0.0000000000000 2.9999999999992
0.0000000000000 2.9999999999992
0.0000000000000 2.9999999999992
0.0000000000000 2.9999999999992
0.0000000000000 2.9999999999992
0.0000000000000 2.9999999999992
0.0000000000000 2.9999999999992
0.0000000000000 2.9999999999992
0.0000000000000 2.9999999999992
0.0000000000000 2.9999999999992
0.0000000000000 2.9999999999992
0.0000000000000 2.9999999999992
0.0000000000000 2.9999999999992
0.0000000000000 2.9999999999992
0.0000000000000 2.9999999999992
0.0000000000000 2.9999999999992
0.0000000000000 2.9999999999992
0.0000000000000 2.9999999999992
0.0000000000000 2.9999999999992
0.0000000000000 2.9999999999992
0.0000000000000 2.9999999999992
0.0000000000000 2.9999999999992
0.0000000000000 2.9999999999992
0.0000000000000 2.9999999999992
0.0000000000000 2.9999999999992
0.0000000000000 2.9999999999992
0.0000000000000 2.9999999999992
0.0000000000000 2.9999999999992
0.0000000000000 2.9999999999992
0.0000000000000 2.9999999999992
0.0000000000000 2.9999999999992
0.0000000000000 2.9999999999992
0.0000000000000 2.9999999999992
0.0000000000000 2.9999999999992
0.0000000000000 2.9999999999992
0.0000000000000 2.9999999999992
0.0000000000000 2.9999999999992
0.0000000000000 2.9999999999992
0.0000000000000 2.9999999999992
0.0000000000000 2.9999999999992
0.0000000000000 2.9999999999992
0.0000000000000 2.9999999999992
0.0000000000000 2.9999999999992
0.0000000000000 2.9999999999992
0.0000000000000 2.9999999999992
0.0000000000000 2.9999999999992
0.0000000000000 2.9999999999992
0.0000000000000 2.9999999999992
0.0000000000000 2.9999999999992
0.0000000000000 2.9999999999992
0.0000000000000 2.9999999999992
0.0000000000000 2.9999999999992
0.0000000000000 2.9999999999992
0.0000000000000 2.9999999999992
0.0000000000000 2.9999999999992
0.0000000000000 2.9999999999992
0.0000000000000 2.9999999999992
0.0000000000000 2.9999999999992
0.0000000000000 2.9999999999992
0.0000000000000 2.9999999999992
0.0000000000000 2.9999999999992
0.0000000000000 2.9999999999992
0.0000000000000 2.9999999999992
0.0000000000000 2.9999999999992
0.0000000000000 2.9999999999992
0.0000000000000 2.9999999999992
0.0000000000000 2.9999999999992
0.0000000000000 2.9999999999992
0.0000000000000 2.9999999999992
0.0000000000000 2.9999999999992
0.0000000000000 2.9999999999992
0.0000000000000 2.9999999999992
0.0000000000000 2.9999999999992
0.0000000000000 2.9999999999992
0.0000000000000 2.9999999999992
0.0000000000000 2.9999999999992
0.0000000000000 2.9999999999992
0.0000000000000 2.9999999999992
0.0000000000000 2.9999999999992
0.0000000000000 2.9999999999992
0.0000000000000 2.9999999999992
0.0000000000000 2.9999999999992
0.0000000000000 2.9999999999992
0.0000000000000 2.9999999999992
0.0000000000000 2.9999999999992
0.0000000000000 2.9999999999992
0.0000000000000 2.9999999999992
0.0000000000000 2.9999999999992
0.0000000000000 2.9999999999992
0.0000000000000 2.9999999999992
0.0000000000000 2.9999999999992
0.0000000000000 2.9999999999992
0.0000000000000 2.9999999999992
0.0000000000000 2.9999999999992
0.0000000000000 2.9999999999992
0.0000000000000 2.9999999999992
0.0000000000000 2.9999999999992
0.0000000000000 2.9999999999992
0.0000000000000 2.9999999999992
0.0000000000000 2.9999999999992
0.0000000000000 2.9999999999992
0.0000000000000 2.9999999999992
0.0000000000000 2.9999999999992
0.0000000000000 2.9999999999992
0.0000000000000 2.9999999999992
0.0000000000000 2.9999999999992
0.0000000000000 2.9999999999992
0.0000000000000 2.9999999999992
0.0000000000000 2.9999999999992
0.0000000000000 2.9999999999992
0.0000000000000 2.9999999999992
0.0000000000000 2.9999999999992
0.0000000000000 2.9999999999992
0.0000000000000 2.9999999999992
0.0000000000000 2.9999999999992
0.0000000000000 2.9999999999992
0.0000000000000 2.9999999999992
0.0000000000000 2.9999999999992
0.0000000000000 2.9999999999992
0.0000000000000 2.9999999999992
0.0000000000000 2.9999999999992
0.0000000000000 2.9999999999992
0.0000000000000 2.9999999999992
0.0000000000000 2.9999999999992
0.0000000000000 2.9999999999992
0.0000000000000 2.9999999999992
0.0000000000000 2.9999999999992
0.0000000000000 2.9999999999992
0.0000000000000 2.9999999999992
0.0000000000000 2.9999999999992
0.0000000000000 2.9999999999992
0.0000000000000 2.9999999999992
0.0000000000000 2.9999999999992
0.0000000000000 2.9999999999992
0.0000000000000 2.9999999999992
0.0000000000000 2.9999999999992
0.0000000000000 2.9999999999992
0.0000000000000 2.9999999999992
0.0000000000000 2.9999999999992
0.0000000000000 2.9999999999992
0.0000000000000 2.9999999999992
0.0000000000000 2.9999999999992
0.0000000000000 2.9999999999992
0.0000000000000 2.9999999999992
0.0000000000000 2.9999999999992
0.0000000000000 2.9999999999992
0.0000000000000 2.9999999999992
0.0000000000000 2.9999999999992
0.0000000000000 2.9999999999992
0.0000000000000 2.9999999999992
0.0000000000000 2.9999999999992
0.0000000000000 2.9999999999992
0.0000000000000 2.9999999999992
0.0000000000000 2.9999999999992
0.0000000000000 2.9999999999992
0.0000000000000 2.9999999999992
0.0000000000000 2.9999999999992
0.0000000000000 2.9999999999992
0.0000000000000 2.9999999999992
0.0000000000000 2.9999999999992
0.0000000000000 2.9999999999992
0.0000000000000 2.9999999999992
0.0000000000000 2.9999999999992
0.0000000000000 2.9999999999992
0.0000000000000 2.9999999999992
0.0000000000000 2.9999999999992
0.0000000000000 2.9999999999992
0.0000000000000 2.9999999999992
0.0000000000000 2.9999999999992
0.0000000000000 2.9999999999992
0.0000000000000 2.9999999999992
0.0000000000000 2.9999999999992
0.0000000000000 2.9999999999992
0.0000000000000 2.9999999999992
0.0000000000000 2.9999999999992
0.0000000000000 2.9999999999992
0.0000000000000 2.9999999999992
0.0000000000000 2.9999999999992
0.0000000000000 2.9999999999992
0.0000000000000 2.9999999999992
0.0000000000000 2.9999999999992
0.0000000000000 2.9999999999992
0.0000000000000 2.9999999999992
0.0000000000000 2.9999999999992
0.0000000000000 2.9999999999992
0.0000000000000 2.9999999999992
0.0000000000000 2.9999999999992
0.0000000000000 2.9999999999992
0.0000000000000 2.9999999999992
0.0000000000000 2.9999999999992
0.0000000000000 2.9999999999992
0.0000000000000 2.9999999999992
0.0000000000000 2.9999999999992
0.0000000000000 2.9999999999992
0.0000000000000 2.9999999999992
0.0000000000000 2.9999999999992
0.0000000000000 2.9999999999992
0.0000000000000 2.9999999999992
0.0000000000000 2.9999999999992
0.0000000000000 2.9999999999992
0.0000000000000 2.9999999999992
0.0000000000000 2.9999999999992
0.0000000000000 2.9999999999992
0.0000000000000 2.9999999999992
0.0000000000000 2.9999999999992
0.0000000000000 2.9999999999992
0.0000000000000 2.9999999999992
0.0000000000000 2.9999999999992
0.0000000000000 2.9999999999992
0.0000000000000 2.9999999999992
0.0000000000000 2.9999999999992
0.0000000000000 2.9999999999992
0.0000000000000 2.9999999999992
0.0000000000000 2.9999999999992
0.0000000000000 2.9999999999992
0.0000000000000 2.9999999999992
0.0000000000000 2.9999999999992
0.0000000000000 2.9999999999992
0.0000000000000 2.9999999999992
0.0000000000000 2.9999999999992
0.0000000000000 2.9999999999992
0.0000000000000 2.9999999999992
0.0000000000000 2.9999999999992
0.0000000000000 2.9999999999992
0.0000000000000 2.9999999999992
0.0000000000000 2.9999999999992
0.0000000000000 2.9999999999992
0.0000000000000 2.9999999999992
0.0000000000000 2.9999999999992
0.0000000000000 2.9999999999992
0.0000000000000 2.9999999999992
0.0000000000000 2.9999999999992
0.0000000000000 2.9999999999992
0.0000000000000 2.9999999999992
0.0000000000000 2.9999999999992
0.0000000000000 2.9999999999992
0.0000000000000 2.9999999999992
0.0000000000000 2.9999999999992
0.0000000000000 2.9999999999992
0.0000000000000 2.9999999999992
0.0000000000000 2.9999999999992
0.0000000000000 2.9999999999992
0.0000000000000 2.9999999999992
0.0000000000000 2.9999999999992
0.0000000000000 2.9999999999992
0.0000000000000 2.9999999999992
0.0000000000000 2.9999999999992
0.0000000000000 2.9999999999992
0.0000000000000 2.9999999999992
0.0000000000000 2.9999999999992
0.0000000000000 2.9999999999992
0.0000000000000 2.9999999999992
0.0000000000000 2.9999999999992
0.0000000000000 2.9999999999992
0.0000000000000 2.9999999999992
0.0000000000000 2.9999999999992
0.0000000000000 2.9999999999992
0.0000000000000 2.9999999999992
0.0000000000000 2.9999999999992
0.0000000000000 2.9999999999992
0.0000000000000 2.9999999999992
0.0000000000000 2.9999999999992
0.0000000000000 2.9999999999992
0.0000000000000 2.9999999999992
0.0000000000000 2.9999999999992
0.0000000000000 2.9999999999992
0.0000000000000 2.9999999999992
0.0000000000000 2.9999999999992
0.0000000000000 2.9999999999992
0.0000000000000 2.9999999999992
0.0000000000000 2.9999999999992
0.0000000000000 2.9999999999992
0.0000000000000 2.9999999999992
0.0000000000000 2.9999999999992
0.0000000000000 2.9999999999992
0.0000000000000 2.9999999999992
0.0000000000000 2.9999999999992
0.0000000000000 2.9999999999992
0.0000000000000 2.9999999999992
0.0000000000000 2.9999999999992
0.0000000000000 2.9999999999992
0.0000000000000 2.9999999999992
0.0000000000000 2.9999999999992
0.0000000000000 2.9999999999992
0.0000000000000 2.9999999999992
0.0000000000000 2.9999999999992
0.0000000000000 2.9999999999992
0.0000000000000 2.9999999999992
0.0000000000000 2.9999999999992
0.0000000000000 2.9999999999992
0.0000000000000 2.9999999999992
0.0000000000000 2.9999999999992
0.0000000000000 2.9999999999992
0.0000000000000 2.9999999999992
0.0000000000000 2.9999999999992
0.0000000000000 2.9999999999992
0.0000000000000 2.9999999999992
0.0000000000000 2.9999999999992
0.0000000000000 2.9999999999992
0.0000000000000 2.9999999999992
0.0000000000000 2.9999999999992
0.0000000000000 2.9999999999992
0.0000000000000 2.9999999999992
0.0000000000000 2.9999999999992
0.0000000000000 2.9999999999992
0.0000000000000 2.9999999999992
0.0000000000000 2.9999999999992
0.0000000000000 2.9999999999992
0.0000000000000 2.9999999999992
0.0000000000000 2.9999999999992
0.0000000000000 2.9999999999992
0.0000000000000 2.9999999999992
0.0000000000000 2.9999999999992
0.0000000000000 2.9999999999992
0.0000000000000 2.9999999999992
0.0000000000000 2.9999999999992
0.0000000000000 2.9999999999992
0.0000000000000 2.9999999999992
0.0000000000000 2.9999999999992
0.0000000000000 2.9999999999992
0.0000000000000 2.9999999999992
0.0000000000000 2.9999999999992
0.0000000000000 2.9999999999992
0.0000000000000 2.9999999999992
0.0000000000000 2.9999999999992
0.0000000000000 2.9999999999992
0.0000000000000 2.9999999999992
0.0000000000000 2.9999999999992
0.0000000000000 2.9999999999992
0.0000000000000 2.9999999999992
0.0000000000000 2.9999999999992
0.0000000000000 2.9999999999992
0.0000000000000 2.9999999999992
0.0000000000000 2.9999999999992
0.0000000000000 2.9999999999992
0.0000000000000 2.9999999999992
0.0000000000000 2.9999999999992
0.0000000000000 2.9999999999992
0.0000000000000 2.9999999999992
0.0000000000000 2.9999999999992
0.0000000000000 2.9999999999992
0.0000000000000 2.9999999999992
0.0000000000000 2.9999999999992
0.0000000000000 2.9999999999992
0.0000000000000 2.9999999999992
0.0000000000000 2.9999999999992
0.0000000000000 2.9999999999992
0.0000000000000 2.9999999999992
0.0000000000000 2.9999999999992
0.0000000000000 2.9999999999992
0.0000000000000 2.9999999999992
0.0000000000000 2.9999999999992
0.0000000000000 2.9999999999992
0.0000000000000 2.9999999999992
0.0000000000000 2.9999999999992
0.0000000000000 2.9999999999992
0.0000000000000 2.9999999999992
0.0000000000000 2.9999999999992
0.0000000000000 2.9999999999992
0.0000000000000 2.9999999999992
0.0000000000000 2.9999999999992
0.0000000000000 2.9999999999992
0.0000000000000 2.9999999999992
0.0000000000000 2.9999999999992
0.0000000000000 2.9999999999992
0.0000000000000 2.9999999999992
0.0000000000000 2.9999999999992
0.0000000000000 2.9999999999992
0.0000000000000 2.9999999999992
0.0000000000000 2.9999999999992
0.0000000000000 2.9999999999992
0.0000000000000 2.9999999999992
0.0000000000000 2.9999999999992
0.0000000000000 2.9999999999992
0.0000000000000 2.9999999999992
0.0000000000000 2.9999999999992
0.0000000000000 2.9999999999992
0.0000000000000 2.9999999999992
0.0000000000000 2.9999999999992
0.0000000000000 2.9999999999992
0.0000000000000 2.9999999999992
0.0000000000000 2.9999999999992
0.0000000000000 2.9999999999992
0.0000000000000 2.9999999999992
0.0000000000000 2.9999999999992
0.0000000000000 2.9999999999992
0.0000000000000 2.9999999999992
0.0000000000000 2.9999999999992
0.0000000000000 2.9999999999992
0.0000000000000 2.9999999999992
0.0000000000000 2.9999999999992
0.0000000000000 2.9999999999992
0.0000000000000 2.9999999999992
0.0000000000000 2.9999999999992
0.0000000000000 2.9999999999992
0.0000000000000 2.9999999999992
0.0000000000000 2.9999999999992
0.0000000000000 2.9999999999992
0.0000000000000 2.9999999999992
0.0000000000000 2.9999999999992
0.0000000000000 2.9999999999992
0.0000000000000 2.9999999999992
0.0000000000000 2.9999999999992
0.0000000000000 2.9999999999992
0.0000000000000 2.9999999999992
0.0000000000000 2.9999999999992
0.0000000000000 2.9999999999992
0.0000000000000 2.9999999999992
0.0000000000000 2.9999999999992
0.0000000000000 2.9999999999992
0.0000000000000 2.9999999999992
0.0000000000000 2.9999999999992
0.0000000000000 2.9999999999992
0.0000000000000 2.9999999999992
0.0000000000000 2.9999999999992
0.0000000000000 2.9999999999992
0.0000000000000 2.9999999999992
0.0000000000000 2.9999999999992
0.0000000000000 2.9999999999992
0.0000000000000 2.9999999999992
0.0000000000000 2.9999999999992
0.0000000000000 2.9999999999992
0.0000000000000 2.9999999999992
0.0000000000000 2.9999999999992
0.0000000000000 2.9999999999992
0.0000000000000 2.9999999999992
0.0000000000000 2.9999999999992
0.0000000000000 2.9999999999992
0.0000000000000 2.9999999999992
0.0000000000000 2.9999999999992
0.0000000000000 2.9999999999992
0.0000000000000 2.9999999999992
0.0000000000000 2.9999999999992
0.0000000000000 2.9999999999992
0.0000000000000 2.9999999999992
0.0000000000000 2.9999999999992
0.0000000000000 2.9999999999992
0.0000000000000 2.9999999999992
0.0000000000000 2.9999999999992
0.0000000000000 2.9999999999992
0.0000000000000 2.9999999999992
0.0000000000000 2.9999999999992
0.0000000000000 2.9999999999992
0.0000000000000 2.9999999999992
0.0000000000000 2.9999999999992
0.0000000000000 2.9999999999992
0.0000000000000 2.9999999999992
0.0000000000000 2.9999999999992
0.0000000000000 2.9999999999992
0.0000000000000 2.9999999999992
0.0000000000000 2.9999999999992
0.0000000000000 2.9999999999992
0.0000000000000 2.9999999999992
0.0000000000000 2.9999999999992
0.0000000000000 2.9999999999992
0.0000000000000 2.9999999999992
0.0000000000000 2.9999999999992
0.0000000000000 2.9999999999992
0.0000000000000 2.9999999999992
0.0000000000000 2.9999999999992
0.0000000000000 2.9999999999992
0.0000000000000 2.9999999999992
0.0000000000000 2.9999999999992
0.0000000000000 2.9999999999992
0.0000000000000 2.9999999999992
0.0000000000000 2.9999999999992
0.0000000000000 2.9999999999992
0.0000000000000 2.9999999999992
0.0000000000000 2.9999999999992
0.0000000000000 2.9999999999992
0.0000000000000 2.9999999999992
0.0000000000000 2.9999999999992
0.0000000000000 2.9999999999992
0.0000000000000 2.9999999999992
0.0000000000000 2.9999999999992
0.0000000000000 2.9999999999992
0.0000000000000 2.9999999999992
0.0000000000000 2.9999999999992
0.0000000000000 2.9999999999992
0.0000000000000 2.9999999999992
0.0000000000000 2.9999999999992
0.0000000000000 2.9999999999992
0.0000000000000 2.9999999999992
0.0000000000000 2.9999999999992
0.0000000000000 2.9999999999992
0.0000000000000 2.9999999999992
0.0000000000000 2.9999999999992
0.0000000000000 2.9999999999992
0.0000000000000 2.9999999999992
0.0000000000000 2.9999999999992
0.0000000000000 2.9999999999992
0.0000000000000 2.9999999999992
0.0000000000000 2.9999999999992
0.0000000000000 2.9999999999992
0.0000000000000 2.9999999999992
0.0000000000000 2.9999999999992
0.0000000000000 2.9999999999992
0.0000000000000 2.9999999999992
0.0000000000000 2.9999999999992
0.0000000000000 2.9999999999992
0.0000000000000 2.9999999999992
0.0000000000000 2.9999999999992
0.0000000000000 2.9999999999992
0.0000000000000 2.9999999999992
0.0000000000000 2.9999999999992
0.0000000000000 2.9999999999992
0.0000000000000 2.9999999999992
0.0000000000000 2.9999999999992
0.0000000000000 2.9999999999992
0.0000000000000 2.9999999999992
0.0000000000000 2.9999999999992
0.0000000000000 2.9999999999992
0.0000000000000 2.9999999999992
0.0000000000000 2.9999999999992
0.0000000000000 2.9999999999992
0.0000000000000 2.9999999999992
0.0000000000000 2.9999999999992
0.0000000000000 2.9999999999992
0.0000000000000 2.9999999999992
0.0000000000000 2.9999999999992
0.0000000000000 2.9999999999992
0.0000000000000 2.9999999999992
0.0000000000000 2.9999999999992
0.0000000000000 2.9999999999992
0.0000000000000 2.9999999999992
0.0000000000000 2.9999999999992
0.0000000000000 2.9999999999992
0.0000000000000 2.9999999999992
0.0000000000000 2.9999999999992
0.0000000000000 2.9999999999992
0.0000000000000 2.9999999999992
0.0000000000000 2.9999999999992
0.0000000000000 2.9999999999992
0.0000000000000 2.9999999999992
0.0000000000000 2.9999999999992
0.0000000000000 2.9999999999992
0.0000000000000 2.9999999999992
0.0000000000000 2.9999999999992
0.0000000000000 2.9999999999992
0.0000000000000 2.9999999999992
0.0000000000000 2.9999999999992
0.0000000000000 2.9999999999992
0.0000000000000 2.9999999999992
0.0000000000000 2.9999999999992
0.0000000000000 2.9999999999992
0.0000000000000 2.9999999999992
0.0000000000000 2.9999999999992
0.0000000000000 2.9999999999992
0.0000000000000 2.9999999999992
0.0000000000000 2.9999999999992
0.0000000000000 2.9999999999992
0.0000000000000 2.9999999999992
0.0000000000000 2.9999999999992
0.0000000000000 2.9999999999992
0.0000000000000 2.9999999999992
0.0000000000000 2.9999999999992
0.0000000000000 2.9999999999992
0.0000000000000 2.9999999999992
0.0000000000000 2.9999999999992
0.0000000000000 2.9999999999992
0.0000000000000 2.9999999999992
0.0000000000000 2.9999999999992
0.0000000000000 2.9999999999992
0.0000000000000 2.9999999999992
0.0000000000000 2.9999999999992
0.0000000000000 2.9999999999992
0.0000000000000 2.9999999999992
0.0000000000000 2.9999999999992
0.0000000000000 2.9999999999992
0.0000000000000 2.9999999999992
0.0000000000000 2.9999999999992
0.0000000000000 2.9999999999992
0.0000000000000 2.9999999999992
0.0000000000000 2.9999999999992
0.0000000000000 2.9999999999992
0.0000000000000 2.9999999999992
0.0000000000000 2.9999999999992
0.0000000000000 2.9999999999992
0.0000000000000 2.9999999999992
0.0000000000000 2.9999999999992
0.0000000000000 2.9999999999992
0.0000000000000 2.9999999999992
0.0000000000000 2.9999999999992
0.0000000000000 2.9999999999992
0.0000000000000 2.9999999999992
0.0000000000000 2.9999999999992
0.0000000000000 2.9999999999992
0.0000000000000 2.9999999999992
0.0000000000000 2.9999999999992
0.0000000000000 2.9999999999992
0.0000000000000 2.9999999999992
0.0000000000000 2.9999999999992
0.0000000000000 2.9999999999992
0.0000000000000 2.9999999999992
0.0000000000000 2.9999999999992
0.0000000000000 2.9999999999992
0.0000000000000 2.9999999999992
0.0000000000000 2.9999999999992
0.0000000000000 2.9999999999992
0.0000000000000 2.9999999999992
0.0000000000000 2.9999999999992
0.0000000000000 2.9999999999992
0.0000000000000 2.9999999999992
0.0000000000000 2.9999999999992
0.0000000000000 2.9999999999992
0.0000000000000 2.9999999999992
0.0000000000000 2.9999999999992
0.0000000000000 2.9999999999992
0.0000000000000 2.9999999999992
0.0000000000000 2.9999999999992
0.0000000000000 2.9999999999992
0.0000000000000 2.9999999999992
0.0000000000000 2.9999999999992
0.0000000000000 2.9999999999992
0.0000000000000 2.9999999999992
0.0000000000000 2.9999999999992
0.0000000000000 2.9999999999992
0.0000000000000 2.9999999999992
0.0000000000000 2.9999999999992
0.0000000000000 2.9999999999992
0.0000000000000 2.9999999999992
0.0000000000000 2.9999999999992
0.0000000000000 2.9999999999992
0.0000000000000 2.9999999999992
0.0000000000000 2.9999999999992
0.0000000000000 2.9999999999992
0.0000000000000 2.9999999999992
0.0000000000000 2.9999999999992
0.0000000000000 2.9999999999992
0.0000000000000 2.9999999999992
0.0000000000000 2.9999999999992
0.0000000000000 2.9999999999992
0.0000000000000 2.9999999999992
0.0000000000000 2.9999999999992
0.0000000000000 2.9999999999992
0.0000000000000 2.9999999999992
0.0000000000000 2.9999999999992
0.0000000000000 2.9999999999992
0.0000000000000 2.9999999999992
0.0000000000000 2.9999999999992
0.0000000000000 2.9999999999992
0.0000000000000 2.9999999999992
0.0000000000000 2.9999999999992
0.0000000000000 2.9999999999992
0.0000000000000 2.9999999999992
0.0000000000000 2.9999999999992
0.0000000000000 2.9999999999992
0.0000000000000 2.9999999999992
0.0000000000000 2.9999999999992
0.0000000000000 2.9999999999992
0.0000000000000 2.9999999999992
0.0000000000000 2.9999999999992
0.0000000000000 2.9999999999992
0.0000000000000 2.9999999999992
0.0000000000000 2.9999999999992
0.0000000000000 2.9999999999992
0.0000000000000 2.9999999999992
0.0000000000000 2.9999999999992
0.0000000000000 2.9999999999992
0.0000000000000 2.9999999999992
0.0000000000000 2.9999999999992
0.0000000000000 2.9999999999992
0.0000000000000 2.9999999999992
0.0000000000000 2.9999999999992
0.0000000000000 2.9999999999992
0.0000000000000 2.9999999999992
0.0000000000000 2.9999999999992
0.0000000000000 2.9999999999992
0.0000000000000 2.9999999999992
0.0000000000000 2.9999999999992
0.0000000000000 2.9999999999992
0.0000000000000 2.9999999999992
0.0000000000000 2.9999999999992
0.0000000000000 2.9999999999992
0.0000000000000 2.9999999999992
0.0000000000000 2.9999999999992
0.0000000000000 2.9999999999992
0.0000000000000 2.9999999999992
0.0000000000000 2.9999999999992
0.0000000000000 2.9999999999992
0.0000000000000 2.9999999999992
0.0000000000000 2.9999999999992
0.0000000000000 2.9999999999992
0.0000000000000 2.9999999999992
0.0000000000000 2.9999999999992
0.0000000000000 2.9999999999992
0.0000000000000 2.9999999999992
0.0000000000000 2.9999999999992
0.0000000000000 2.9999999999992
0.0000000000000 2.9999999999992
0.0000000000000 2.9999999999992
0.0000000000000 2.9999999999992
0.0000000000000 2.9999999999992
0.0000000000000 2.9999999999992
0.0000000000000 2.9999999999992
0.0000000000000 2.9999999999992
0.0000000000000 2.9999999999992
0.0000000000000 2.9999999999992
0.0000000000000 2.9999999999992
0.0000000000000 2.9999999999992
0.0000000000000 2.9999999999992
0.0000000000000 2.9999999999992
0.0000000000000 2.9999999999992
0.0000000000000 2.9999999999992
0.0000000000000 2.9999999999992
0.0000000000000 2.9999999999992
0.0000000000000 2.9999999999992
0.0000000000000 2.9999999999992
0.0000000000000 2.9999999999992
0.0000000000000 2.9999999999992
0.0000000000000 2.9999999999992
0.0000000000000 2.9999999999992
0.0000000000000 2.9999999999992
0.0000000000000 2.9999999999992
0.0000000000000 2.9999999999992
0.0000000000000 2.9999999999992
0.0000000000000 2.9999999999992
0.0000000000000 2.9999999999992
0.0000000000000 2.9999999999992
0.0000000000000 2.9999999999992
0.0000000000000 2.9999999999992
0.0000000000000 2.9999999999992
0.0000000000000 2.9999999999992
0.0000000000000 2.9999999999992
0.0000000000000 2.9999999999992
0.0000000000000 2.9999999999992
0.0000000000000 2.9999999999992
0.0000000000000 2.9999999999992
0.0000000000000 2.9999999999992
0.0000000000000 2.9999999999992
0.0000000000000 2.9999999999992
0.0000000000000 2.9999999999992
0.0000000000000 2.9999999999992
0.0000000000000 2.9999999999992
0.0000000000000 2.9999999999992
0.0000000000000 2.9999999999992
0.0000000000000 2.9999999999992
0.0000000000000 2.9999999999992
0.0000000000000 2.9999999999992
0.0000000000000 2.9999999999992
0.0000000000000 2.9999999999992
0.0000000000000 2.9999999999992
0.0000000000000 2.9999999999992
0.0000000000000 2.9999999999992
0.0000000000000 2.9999999999992
0.0000000000000 2.9999999999992
0.0000000000000 2.9999999999992
0.0000000000000 2.9999999999992
0.0000000000000 2.9999999999992
0.0000000000000 2.9999999999992
0.0000000000000 2.9999999999992
0.0000000000000 2.9999999999992
0.0000000000000 2.9999999999992
0.0000000000000 2.9999999999992
0.0000000000000 2.9999999999992
0.0000000000000 2.9999999999992
0.0000000000000 2.9999999999992
0.0000000000000 2.9999999999992
0.0000000000000 2.9999999999992
0.0000000000000 2.9999999999992
0.0000000000000 2.9999999999992
0.0000000000000 2.9999999999992
0.0000000000000 2.9999999999992
0.0000000000000 2.9999999999992
0.0000000000000 2.9999999999992
0.0000000000000 2.9999999999992
0.0000000000000 2.9999999999992
0.0000000000000 2.9999999999992
0.0000000000000 2.9999999999992
0.0000000000000 2.9999999999992
0.0000000000000 2.9999999999992
0.0000000000000 2.9999999999992
0.0000000000000 2.9999999999992
0.0000000000000 2.9999999999992
0.0000000000000 2.9999999999992
0.0000000000000 2.9999999999992
0.0000000000000 2.9999999999992
0.0000000000000 2.9999999999992
0.0000000000000 2.9999999999992
0.0000000000000 2.9999999999992
0.0000000000000 2.9999999999992
0.0000000000000 2.9999999999992
0.0000000000000 2.9999999999992
0.0000000000000 2.9999999999992
0.0000000000000 2.9999999999992
0.0000000000000 2.9999999999992
0.0000000000000 2.9999999999992
0.0000000000000 2.9999999999992
0.0000000000000 2.9999999999992
0.0000000000000 2.9999999999992
0.0000000000000 2.9999999999992
0.0000000000000 2.9999999999992
0.0000000000000 2.9999999999992
0.0000000000000 2.9999999999992
0.0000000000000 2.9999999999992
0.0000000000000 2.9999999999992
0.0000000000000 2.9999999999992
0.0000000000000 2.9999999999992
0.0000000000000 2.9999999999992
0.0000000000000 2.9999999999992
0.0000000000000 2.9999999999992
0.0000000000000 2.9999999999992
0.0000000000000 2.9999999999992
0.0000000000000 2.9999999999992
0.0000000000000 2.9999999999992
0.0000000000000 2.9999999999992
0.0000000000000 2.9999999999992
0.0000000000000 2.9999999999992
0.0000000000000 2.9999999999992
0.0000000000000 2.9999999999992
0.0000000000000 2.9999999999992
0.0000000000000 2.9999999999992
0.0000000000000 2.9999999999992
0.0000000000000 2.9999999999992
0.0000000000000 2.9999999999992
0.0000000000000 2.9999999999992
0.0000000000000 2.9999999999992
0.0000000000000 2.9999999999992
0.0000000000000 2.9999999999992
0.0000000000000 2.9999999999992
0.0000000000000 2.9999999999992
0.0000000000000 2.9999999999992
0.0000000000000 2.9999999999992
0.0000000000000 2.9999999999992
0.0000000000000 2.9999999999992
0.0000000000000 2.9999999999992
0.0000000000000 2.9999999999992
0.0000000000000 2.9999999999992
0.0000000000000 2.9999999999992
0.0000000000000 2.9999999999992
0.0000000000000 2.9999999999992
0.0000000000000 2.9999999999992
0.0000000000000 2.9999999999992
0.0000000000000 2.9999999999992
0.0000000000000 2.9999999999992
0.0000000000000 2.9999999999992
0.0000000000000 2.9999999999992
0.0000000000000 2.9999999999992
0.0000000000000 2.9999999999992
0.0000000000000 2.9999999999992
0.0000000000000 2.9999999999992
0.0000000000000 2.9999999999992
0.0000000000000 2.9999999999992
0.0000000000000 2.9999999999992
0.0000000000000 2.9999999999992
0.0000000000000 2.9999999999992
0.0000000000000 2.9999999999992
0.0000000000000 2.9999999999992
0.0000000000000 2.9999999999992
0.0000000000000 2.9999999999992
0.0000000000000 2.9999999999992
0.0000000000000 2.9999999999992
0.0000000000000 2.9999999999992
0.0000000000000 2.9999999999992
0.0000000000000 2.9999999999992
0.0000000000000 2.9999999999992
0.0000000000000 2.9999999999992
0.0000000000000 2.9999999999992
0.0000000000000 2.9999999999992
0.0000000000000 2.9999999999992
0.0000000000000 2.9999999999992
0.0000000000000 2.9999999999992
0.0000000000000 2.9999999999992
0.0000000000000 2.9999999999992
0.0000000000000 2.9999999999992
0.0000000000000 2.9999999999992
0.0000000000000 2.9999999999992
0.0000000000000 2.9999999999992
0.0000000000000 2.9999999999992
0.0000000000000 2.9999999999992
0.0000000000000 2.9999999999992
0.0000000000000 2.9999999999992
0.0000000000000 2.9999999999992
0.0000000000000 2.9999999999992
0.0000000000000 2.9999999999992
0.0000000000000 2.9999999999992
0.0000000000000 2.9999999999992
0.0000000000000 2.9999999999992
0.0000000000000 2.9999999999992
0.0000000000000 2.9999999999992
0.0000000000000 2.9999999999992
0.0000000000000 2.9999999999992
0.0000000000000 2.9999999999992
0.0000000000000 2.9999999999992
0.0000000000000 2.9999999999992
0.0000000000000 2.9999999999992
0.0000000000000 2.9999999999992
0.0000000000000 2.9999999999992
0.0000000000000 2.9999999999992
0.0000000000000 2.9999999999992
0.0000000000000 2.9999999999992
0.0000000000000 2.9999999999992
0.0000000000000 2.9999999999992
0.0000000000000 2.9999999999992
0.0000000000000 2.9999999999992
0.0000000000000 2.9999999999992
0.0000000000000 2.9999999999992
0.0000000000000 2.9999999999992
0.0000000000000 2.9999999999992
0.0000000000000 2.9999999999992
0.0000000000000 2.9999999999992
0.0000000000000 2.9999999999992
0.0000000000000 2.9999999999992
0.0000000000000 2.9999999999992
0.0000000000000 2.9999999999992
0.0000000000000 2.9999999999992
0.0000000000000 2.9999999999992
0.0000000000000 2.9999999999992
0.0000000000000 2.9999999999992
0.0000000000000 2.9999999999992
0.0000000000000 2.9999999999992
0.0000000000000 2.9999999999992
0.0000000000000 2.9999999999992
0.0000000000000 2.9999999999992
0.0000000000000 2.9999999999992
0.0000000000000 2.9999999999992
0.0000000000000 2.9999999999992
0.0000000000000 2.9999999999992
0.0000000000000 2.9999999999992
0.0000000000000 2.9999999999992
0.0000000000000 2.9999999999992
0.0000000000000 2.9999999999992
0.0000000000000 2.9999999999992
0.0000000000000 2.9999999999992
0.0000000000000 2.9999999999992
0.0000000000000 2.9999999999992
0.0000000000000 2.9999999999992
0.0000000000000 2.9999999999992
0.0000000000000 2.9999999999992
0.0000000000000 2.9999999999992
0.0000000000000 2.9999999999992
0.0000000000000 2.9999999999992
0.0000000000000 2.9999999999992
0.0000000000000 2.9999999999992
0.0000000000000 2.9999999999992
0.0000000000000 2.9999999999992
0.0000000000000 2.9999999999992
0.0000000000000 2.9999999999992
0.0000000000000 2.9999999999992
0.0000000000000 2.9999999999992
