; Sample Rate 1024
; Channels 1
0.0000000000000 2.9999999999995
0.0061359231515 3.1089667712510
0.0122718463031 3.1541882018035
0.0184077694546 3.1391468937107
0.0245436926062 3.0705627866504
0.0306796157577 2.9579130416813
0.0368155389093 2.8127911012999
0.0429514620608 2.6481444659089
0.0490873852123 2.4774379187467
0.0552233083639 2.3137933103093
0.0613592315154 2.1691583129428
0.0674951546670 2.0535547003407
0.0736310778185 1.9744518117921
0.0797670009701 1.9363032178890
0.0859029241216 1.9402746767702
0.0920388472731 1.9841798526585
0.0981747704247 2.0626276616038
0.1043106935762 2.1673722707007
0.1104466167278 2.2878444760486
0.1165825398793 2.4118321660065
0.1227184630309 2.5262684960989
0.1288543861824 2.6180798128850
0.1349903093339 2.6750416578016
0.1411262324855 2.6865905862773
0.1472621556370 2.6445420882818
0.1533980787886 2.5436704410882
0.1595340019401 2.3821145347465
0.1656699250916 2.1615840941044
0.1718058482432 1.8873526528379
0.1779417713947 1.5680364071730
0.1840776945463 1.2151709178689
0.1902136176978 0.8426097698792
0.1963495408494 0.4657800195076
0.2024854640009 0.1008378998184
0.2086213871524 -0.2362256816293
0.2147573103040 -0.5304772195798
0.2208932334555 -0.7688776619607
0.2270291566071 -0.9410150115416
0.2331650797586 -1.0396891847254
0.2393010029102 -1.0613145450210
0.2454369260617 -1.0061163114150
0.2515728492132 -0.8781092425265
0.2577087723648 -0.6848598931367
0.2638446955163 -0.4370465571047
0.2699806186679 -0.1478429855756
0.2761165418194 0.1678376180131
0.2822524649710 0.4941935866492
0.2883883881225 0.8154304663963
0.2945243112740 1.1166485218287
0.3006602344256 1.3846698142464
0.3067961575771 1.6087563092440
0.3129320807287 1.7811770793748
0.3190680038802 1.8975917776984
0.3252039270318 1.9572286085097
0.3313398501833 1.9628473699002
0.3374757733348 1.9204910267642
0.3436116964864 1.8390419396559
0.3497476196379 1.7296105510323
0.3558835427895 1.6047943235192
0.3620194659410 1.4778524377983
0.3681553890926 1.3618467225117
0.3742913122441 1.2688012177274
0.3804272353956 1.2089315443284
0.3865631585472 1.1899909468002
0.3926990816987 1.2167727513479
0.3988350048503 1.2907994648822
0.4049709280018 1.4102174101935
0.4111068511534 1.5699033208250
0.4172427743049 1.7617764677072
0.4233786974564 1.9752974171384
0.4295146206080 2.1981231904311
0.4356505437595 2.4168790788883
0.4417864669111 2.6180002413163
0.4479223900626 2.7885919086656
0.4540583132142 2.9172557886878
0.4601942363657 2.9948321950548
0.4663301595172 3.0150123887922
0.4724660826688 2.9747833336979
0.4786020058203 2.8746770603031
0.4847379289719 2.7188085102663
0.4908738521234 2.5146983974752
0.4970097752749 2.2728905108395
0.5031456984265 2.0063852260717
0.5092816215780 1.7299220512914
0.5154175447296 1.4591531367651
0.5215534678811 1.2097562886824
0.5276893910327 0.9965397444475
0.5338253141842 0.8325915628761
0.5399612373357 0.7285239274594
0.5460971604873 0.6918570977979
0.5522330836388 0.7265795122747
0.5583690067904 0.8329101287770
0.5645049299419 1.0072771180609
0.5706408530935 1.2425142052352
0.5767767762450 1.5282630624262
0.5829126993965 1.8515579505936
0.5890486225481 2.1975580317251
0.5951845456996 2.5503840574049
0.6013204688512 2.8940100106257
0.6074563920027 3.2131571058621
0.6135923151543 3.4941375107783
0.6197282383058 3.7255982634607
0.6258641614573 3.8991219114134
0.6320000846089 4.0096490491840
0.6381360077604 4.0556986464087
0.6442719309120 4.0393742000025
0.6504078540635 3.9661565881192
0.6565437772151 3.8444972720913
0.6626797003666 3.6852374270261
0.6688156235181 3.5008889648052
0.6749515466697 3.3048216211398
0.6810874698212 3.1104058262819
0.6872233929728 2.9301636280138
0.6933593161243 2.7749793388254
0.6994952392759 2.6534178768907
0.7056311624274 2.5711921761131
0.7117670855789 2.5308119663411
0.7179030087305 2.5314352000632
0.7240389318820 2.5689311060229
0.7301748550336 2.6361510091186
0.7363107781851 2.7233904482465
0.7424467013367 2.8190145094736
0.7485826244882 2.9102083602483
0.7547185476397 2.9838073317381
0.7608544707913 3.0271559962736
0.7669903939428 3.0289438352659
0.7731263170944 2.9799663911545
0.7792622402459 2.8737651726118
0.7853981633974 2.7071067811154
0.7915340865490 2.4802713026047
0.7976700097005 2.1971314069987
0.8038059328521 1.8650161232209
0.8099418560036 1.4943661592192
0.8160777791552 1.0982001575905
0.8222137023067 0.6914226370787
0.8283496254582 0.2900139251413
0.8344855486098 -0.0898504769802
0.8406214717613 -0.4326993303162
0.8467573949129 -0.7246308991458
0.8528933180644 -0.9540929383872
0.8590292412160 -1.1125313419924
0.8651651643675 -1.1948691100040
0.8713010875190 -1.1997873084988
0.8774370106706 -1.1297914202530
0.8835729338221 -0.9910591891823
0.8897088569737 -0.7930790042983
0.8958447801252 -0.5481002713900
0.9019807032768 -0.2704283381750
0.9081166264283 0.0243942866763
0.9142525495798 0.3204720008409
0.9203884727314 0.6024532546475
0.9265243958829 0.8563878983583
0.9326603190345 1.0704943372183
0.9387962421860 1.2357915926012
0.9449321653376 1.3465595316249
0.9510680884891 1.4006008789583
0.9572040116406 1.3992905370599
0.9633399347922 1.3474105038904
0.9694758579437 1.2527815235033
0.9756117810953 1.1257147650410
0.9817477042468 0.9783175706920
0.9878836273984 0.8236960024647
0.9940195505499 0.6751030253956
1.0001554737014 0.5450843346215
1.0062913968530 0.4446738671589
1.0124273200045 0.3826879454548
1.0185632431561 0.3651609589380
1.0246991663076 0.3949568684869
1.0308350894592 0.4715801380612
1.0369710126107 0.5911975948302
1.0431069357622 0.7468699273668
1.0492428589138 0.9289788150973
1.0553787820653 1.1258238094072
1.0615147052169 1.3243527681859
1.0676506283684 1.5109815050561
1.0737865515200 1.6724528388513
1.0799224746715 1.7966827511893
1.0860583978230 1.8735420280491
1.0921943209746 1.8955255380964
1.0983302441261 1.8582679611841
1.1044661672777 1.7608739256713
1.1106020904292 1.6060415961104
1.1167380135808 1.3999711125768
1.1228739367323 1.1520621717500
1.1290098598838 0.8744176966624
1.1351457830354 0.5811821938561
1.1412817061869 0.2877533589180
1.1474176293385 0.0099131562014
1.1535535524900 -0.2370704935738
1.1596894756415 -0.4393184191929
1.1658253987931 -0.5851396072087
1.1719613219446 -0.6657080080198
1.1780972450962 -0.6755766511790
1.1842331682477 -0.6129985931162
1.1903690913993 -0.4800356500219
1.1965050145508 -0.2824484402536
1.2026409377023 -0.0293742170012
1.2087768608539 0.2671884580852
1.2149127840054 0.5930577179616
1.2210487071570 0.9326689764294
1.2271846303085 1.2699507908990
1.2333205534601 1.5892243023341
1.2394564766116 1.8760732539167
1.2455923997631 2.1181334467866
1.2517283229147 2.3057554048671
1.2578642460662 2.4325016847243
1.2640001692178 2.4954502254786
1.2701360923693 2.4952867911468
1.2762720155209 2.4361822098082
1.2824079386724 2.3254630064210
1.2885438618239 2.1730963847242
1.2946797849755 1.9910215959823
1.3008157081270 1.7923688797230
1.3069516312786 1.5906138215919
1.3130875544301 1.3987187489226
1.3192234775817 1.2283134569540
1.3253594007332 1.0889650758910
1.3314953238847 0.9875814193153
1.3376312470363 0.9279840086653
1.3437671701878 0.9106766544140
1.3499030933394 0.9328236003220
1.3560390164909 0.9884385201710
1.3621749396425 1.0687728671795
1.3683108627940 1.1628799712621
1.3744467859455 1.2583206012277
1.3805827090971 1.3419670852288
1.3867186322486 1.4008570453799
1.3928545554002 1.4230447064440
1.3989904785517 1.3983977729006
1.4051264017033 1.3192910399110
1.4112623248548 1.1811540091123
1.4173982480063 0.9828384736173
1.4235341711579 0.7267827770725
1.4296700943094 0.4189616157098
1.4358060174610 0.0686230989402
1.4419419406125 -0.3121724579938
1.4480778637641 -0.7091856142957
1.4542137869156 -1.1067660209166
1.4603497100671 -1.4887108638154
1.4664856332187 -1.8391631399677
1.4726215563702 -2.1434968824721
1.4787574795218 -2.3891371214260
1.4848934026733 -2.5662661596644
1.4910293258248 -2.6683744153161
1.4971652489764 -2.6926232624727
1.5033011721279 -2.6399984174345
1.5094370952795 -2.5152448191430
1.5155730184310 -2.3265868960407
1.5217089415826 -2.0852508189970
1.5278448647341 -1.8048170576994
1.5339807878856 -1.5004415833247
1.5401167110372 -1.1879917928607
1.5462526341887 -0.8831482136627
1.5523885573403 -0.6005249792069
1.5585244804918 -0.3528608347334
1.5646604036434 -0.1503281167254
1.5707963267949 0.0000000000004
1.5769322499464 0.0944932337161
1.5830681730980 0.1330995250604
1.5892040962495 0.1192650938938
1.5953400194011 0.0596452599679
1.6014759425526 -0.0363754100094
1.6076118657042 -0.1573236736645
1.6137477888557 -0.2903993647042
1.6198837120072 -0.4223115943689
1.6260196351588 -0.5401382936503
1.6321555583103 -0.6321566887580
1.6382914814619 -0.6885941573538
1.6444274046134 -0.7022538091199
1.6505633277650 -0.6689767779240
1.6566992509165 -0.5879131397581
1.6628351740680 -0.4615849898482
1.6689710972196 -0.2957378174382
1.6751070203711 -0.0989891577566
1.6812429435227 0.1177041991688
1.6873788666742 0.3417281449738
1.6935147898258 0.5596009539190
1.6996507129773 0.7578227817850
1.7057866361288 0.9237332857732
1.7119225592804 1.0463250965358
1.7180584824319 1.1169634210917
1.7241944055835 1.1299676008637
1.7303303287350 1.0830186604712
1.7364662518866 0.9773672623342
1.7426021750381 0.8178284183853
1.7487380981896 0.6125620783928
1.7548740213412 0.3726515570067
1.7610099444927 0.1115039040462
1.7671458676443 -0.1558929611177
1.7732817907958 -0.4138128839758
1.7794177139473 -0.6466843528454
1.7855536370989 -0.8399809912388
1.7916895602504 -0.9810570711627
1.7978254834020 -1.0598786303709
1.8039614065535 -1.0696069037539
1.8100973297051 -1.0069994940446
1.8162332528566 -0.8726054848931
1.8223691760081 -0.6707429042174
1.8285050991597 -0.4092598373369
1.8346410223112 -0.0990933089006
1.8407769454628 0.2463479729712
1.8469128686143 0.6119405065141
1.8530487917659 0.9816977757049
1.8591847149174 1.3396666219732
1.8653206380689 1.6708153451189
1.8714565612205 1.9618612761813
1.8775924843720 2.2019892765955
1.8837284075236 2.3834192276492
1.8898643306751 2.5017896855419
1.8960002538267 2.5563359270573
1.9021361769782 2.5498529606938
1.9082721001297 2.4884469616815
1.9144080232813 2.3810912569301
1.9205439464328 2.2390146623661
1.9266798695844 2.0749599686599
1.9328157927359 1.9023580844031
1.9389517158875 1.7344683116743
1.9450876390390 1.5835371573949
1.9512235621905 1.4600268563777
1.9573594853421 1.3719604760878
1.9634954084936 1.3244233488334
1.9696313316452 1.3192510611939
1.9757672547967 1.3549228991862
1.9819031779483 1.4266671784944
1.9880391010998 1.5267720351066
1.9941750242513 1.6450827824835
2.0003109474029 1.7696556096496
2.0064468705544 1.8875278797573
2.0125827937060 1.9855581627450
2.0187187168575 2.0512848310747
2.0248546400091 2.0737508193286
2.0309905631606 2.0442440764007
2.0371264863121 1.9569082062805
2.0432624094637 1.8091855041515
2.0493983326152 1.6020645891577
2.0555342557668 1.3401165131317
2.0616701789183 1.0313158864590
2.0678061020698 0.6866564543469
2.0739420252214 0.3195828960722
2.0800779483729 -0.0547283213222
2.0862138715245 -0.4201970973124
2.0923497946760 -0.7607283154207
2.0984857178276 -1.0611086588641
2.1046216409791 -1.3078587663371
2.1107575641306 -1.4899904227559
2.1168934872822 -1.5996240448795
2.1230294104337 -1.6324299534843
2.1291653335853 -1.5878673393407
2.1353012567368 -1.4692068043101
2.1414371798884 -1.2833351768041
2.1475731030399 -1.0403541945870
2.1537090261914 -0.7529968527621
2.1598449493430 -0.4358959916980
2.1659808724945 -0.1047484161051
2.1721167956461 0.2245760350852
2.1782527187976 0.5369278758891
2.1843886419492 0.8187211825082
2.1905245651007 1.0586771014399
2.1966604882522 1.2484241830121
2.2027964114038 1.3829207197840
2.2089323345553 1.4606749812800
2.2150682577069 1.4837513791295
2.2212041808584 1.4575634415225
2.2273401040100 1.3904672405751
2.2334760271615 1.2931808549868
2.2396119503130 1.1780658277557
2.2457478734646 1.0583147915666
2.2518837966161 0.9470949779405
2.2580197197677 0.8566998758366
2.2641556429192 0.7977607113471
2.2702915660708 0.7785657114214
2.2764274892223 0.8045285273635
2.2825634123738 0.8778381113446
2.2886993355254 0.9973113216985
2.2948352586769 1.1584572312197
2.3009711818285 1.3537492720967
2.3071071049800 1.5730887476224
2.3132430281316 1.8044316181814
2.3193789512831 2.0345405467578
2.3255148744346 2.2498165403904
2.3316507975862 2.4371596328889
2.3377867207377 2.5848061962686
2.3439226438893 2.6830917668383
2.3500585670408 2.7250926529920
2.3561944901924 2.7071067811630
2.3623304133439 2.6289438222208
2.3684663364954 2.4940060313114
2.3746022596470 2.3091537622147
2.3807381827985 2.0843625226012
2.3868741059501 1.8321909489356
2.3930100291016 1.5670904505667
2.3991459522531 1.3045968164294
2.4052818754047 1.0604512236408
2.4114177985562 0.8497024067026
2.4175537217078 0.6858429756544
2.4236896448593 0.5800309399746
2.4298255680109 0.5404425130001
2.4359614911624 0.5717945387426
2.4420974143139 0.6750648569671
2.4482333374655 0.8474272072221
2.4543692606170 1.0824045629916
2.4605051837686 1.3702318440397
2.4666411069201 1.6984065581803
2.4727770300717 2.0523947988715
2.4789129532232 2.4164508587121
2.4850488763747 2.7745020323538
2.4911847995263 3.1110464012416
2.4973207226778 3.4120107192276
2.5034566458294 3.6655180023443
2.5095925689809 3.8625199219966
2.5157284921325 3.9972572600225
2.5218644152840 4.0675220409760
2.5280003384355 4.0747068653270
2.5341362615871 4.0236397338595
2.5402721847386 3.9222154990405
2.5464081078902 3.7808472385474
2.5525440310417 3.6117715941117
2.5586799541933 3.4282508058169
2.5648158773448 3.2437202824043
2.5709518004963 3.0709337166569
2.5770877236479 2.9211577895262
2.5832236467994 2.8034654135685
2.5893595699510 2.7241704246918
2.5954954931025 2.6864380111599
2.6016314162541 2.6900944882718
2.6077673394056 2.7316479240390
2.6139032625571 2.8045183306743
2.6200391857087 2.8994634191948
2.6261751088602 3.0051740434797
2.6323110320118 3.1090031407944
2.6384469551633 3.1977838350494
2.6445828783149 3.2586868953372
2.6507188014664 3.2800652621983
2.6568547246179 3.2522340251761
2.6629906477695 3.1681380092334
2.6691265709210 3.0238657907208
2.6752624940726 2.8189781081690
2.6813984172241 2.5566297147385
2.6875343403756 2.2434760818562
2.6936702635272 1.8893692493609
2.6998061866787 1.5068597752419
2.7059421098303 1.1105333929909
2.7120780329818 0.7162209397013
2.7182139561334 0.3401277908572
2.7243498792849 -0.0020660609729
2.7304858024364 -0.2960822768627
2.7366217255880 -0.5298450962023
2.7427576487395 -0.6941596043319
2.7488935718911 -0.7832272486655
2.7550294950426 -0.7949681224049
2.7611654181942 -0.7311309620730
2.7673013413457 -0.5971843799228
2.7734372644972 -0.4019958061663
2.7795731876488 -0.1573171885217
2.7857091108003 0.1228920728184
2.7918450339519 0.4232648650929
2.7979809571034 0.7279014736219
2.8041168802550 1.0212683674131
2.8102528034065 1.2890676631202
2.8163887265580 1.5190261282354
2.8225246497096 1.7015574970206
2.8286605728611 1.8302595364463
2.8347964960127 1.9022172581236
2.8409324191642 1.9180953292080
2.8470683423158 1.8820153865133
2.8532042654673 1.8012268508402
2.8593401886188 1.6855921956639
2.8654761117704 1.5469187074770
2.8716120349219 1.3981779211718
2.8777479580735 1.2526605733831
2.8838838812250 1.1231186931179
2.8900198043766 1.0209471186398
2.8961557275281 0.9554542493633
2.9022916506796 0.9332663683329
2.9084275738312 0.9579017276866
2.9145634969827 1.0295402732357
2.9206994201343 1.1450030095162
2.9268353432858 1.2979422918217
2.9329712664374 1.4792315383855
2.9391071895889 1.6775307550457
2.9452431127404 1.8799935818400
2.9513790358920 2.0730729510460
2.9575149590435 2.2433764062222
2.9636508821951 2.3785190351945
2.9697868053466 2.4679220072954
2.9759227284981 2.5035078716425
2.9820586516497 2.4802498834444
2.9881945748012 2.3965413138700
2.9943304979528 2.2543614442816
3.0004664211043 2.0592271054665
3.0066023442559 1.8199314709821
3.0127382674074 1.5480845731247
3.0188741905589 1.2574819277388
3.0250101137105 0.9633380001087
3.0311460368620 0.6814294130612
3.0372819600136 0.4271982884882
3.0434178831651 0.2148685965681
3.0495538063167 0.0566277210797
3.0556897294682 -0.0380783431374
3.0618256526197 -0.0630944195044
3.0679615757713 -0.0159176415628
3.0740974989228 0.1021504402582
3.0802334220744 0.2860701825555
3.0863693452259 0.5273447079162
3.0925052683775 0.8144986941155
3.0986411915290 1.1337267729103
3.1047771146805 1.4696731916354
3.1109130378321 1.8062966588246
3.1170489609836 2.1277693130136
3.1231848841352 2.4193568206027
3.1293208072867 2.6682278419992
3.1354567304383 2.8641454207932
3.1415926535898 2.9999999999650
3.1477285767413 3.0721533113794
3.1538644998929 3.0805737559246
3.1600004230444 3.0287564049743
3.1661363461960 2.9234336594732
3.1722722693475 2.7740951286663
3.1784081924991 2.5923466867510
3.1845441156506 2.3911482443206
3.1906800388021 2.1839769697894
3.1968159619537 1.9839670693396
3.2029518851052 1.8030785369989
3.2090878082568 1.6513454306803
3.2152237314083 1.5362493314599
3.2213596545599 1.4622560059409
3.2274955777114 1.4305433575640
3.2336315008629 1.4389371417133
3.2397674240145 1.4820583071023
3.2459033471660 1.5516729905809
3.2520392703176 1.6372238917372
3.2581751934691 1.7265107313417
3.2643111166206 1.8064784229893
3.2704470397722 1.8640649924969
3.2765829629237 1.8870575776618
3.2827188860753 1.8649042441900
3.2888548092268 1.7894319014072
3.2949907323784 1.6554261519877
3.3011266555299 1.4610371128407
3.3072625786814 1.2079856339381
3.3133985018330 0.9015562683853
3.3195344249845 0.5503761220539
3.3256703481361 0.1659915525282
3.3318062712876 -0.2377331755990
3.3379421944392 -0.6453604464982
3.3440781175907 -1.0407235919463
3.3502140407422 -1.4078213965810
3.3563499638938 -1.7317101783436
3.3624858870453 -1.9993408431550
3.3686218101969 -2.2002914893591
3.3747577333484 -2.3273522705250
3.3808936565000 -2.3769279315853
3.3870295796515 -2.3492342210971
3.3931655028030 -2.2482765781064
3.3993014259546 -2.0816123919530
3.4054373491061 -1.8599109486271
3.4115732722577 -1.5963371514698
3.4177091954092 -1.3057955197602
3.4238451185608 -1.0040792023717
3.4299810417123 -0.7069743045586
3.4361169648638 -0.4293723849273
3.4422528880154 -0.1844433800651
3.4483888111669 0.0170824999970
3.4545247343185 0.1674819722926
3.4606606574700 0.2624221513775
3.4667965806216 0.3011385180166
3.4729325037731 0.2863979588065
3.4790684269246 0.2242503371323
3.4852043500762 0.1235847196537
3.4913402732277 -0.0044819400257
3.4974761963793 -0.1473458648695
3.5036121195308 -0.2917417590789
3.5097480426824 -0.4246018798609
3.5158839658339 -0.5338964763463
3.5220198889854 -0.6094044218717
3.5281558121370 -0.6433671730451
3.5342917352885 -0.6309863136978
3.5404276584401 -0.5707344572771
3.5465635815916 -0.4644606136458
3.5526995047432 -0.3172835954853
3.5588354278947 -0.1372798934584
3.5649713510462 0.0650150805129
3.5711072741978 0.2772621515941
3.5772431973493 0.4860901954719
3.5833791205009 0.6779377349188
3.5895150436524 0.8399131430720
3.5956509668039 0.9606210472851
3.6017868899555 1.0309044568790
3.6079228131070 1.0444571040222
3.6140587362586 0.9982681982458
3.6201946594101 0.8928717894493
3.6263305825617 0.7323846118112
3.6324665057132 0.5243289441595
3.6386024288647 0.2792499122589
3.6447383520163 0.0101490002683
3.6508742751678 -0.2682334042226
3.6570101983194 -0.5402445006356
3.6631461214709 -0.7902060618888
3.6692820446225 -1.0033096592297
3.6754179677740 -1.1664672721033
3.6815538909255 -1.2690669849481
3.6876898140771 -1.3035890354990
3.6938257372286 -1.2660457121000
3.6999616603802 -1.1562190127065
3.7060975835317 -0.9776819511432
3.7122335066833 -0.7376022152965
3.7183694298348 -0.4463397738689
3.7245053529863 -0.1168622341736
3.7306412761379 0.2359874709058
3.7367771992894 0.5963277720820
3.7429131224410 0.9481301061944
3.7490490455925 1.2761129173067
3.7551849687441 1.5665853791734
3.7613208918956 1.8081913136874
3.7674568150471 1.9925098307156
3.7735927381987 2.1144778671329
3.7797286613502 2.1726105160382
3.7858645845018 2.1690071800999
3.7920005076533 2.1091444271667
3.7981364308049 2.0014691933865
3.8042723539564 1.8568179156357
3.8104082771079 1.6876975557898
3.8165442002595 1.5074726897333
3.8226801234110 1.3295083797909
3.8288160465626 1.1663210992886
3.8349519697141 1.0287893819838
3.8410878928657 0.9254721646199
3.8472238160172 0.8620761993954
3.8533597391687 0.8411048358588
3.8594956623203 0.8617094500687
3.8656315854718 0.9197525004511
3.8717675086234 1.0080783496680
3.8779034317749 1.1169753852656
3.8840393549264 1.2348013548449
3.8901752780780 1.3487339031412
3.8963112012295 1.4456006564852
3.9024471243811 1.5127383032527
3.9085830475326 1.5388282644023
3.9147189706842 1.5146578477932
3.9208548938357 1.4337601567155
3.9269908169872 1.2928932187824
3.9331267401388 1.0923283808169
3.9392626632903 0.8359294114281
3.9453985864419 0.5310162785897
3.9515345095934 0.1880204733217
3.9576704327450 -0.1800487321666
3.9638063558965 -0.5582963391885
3.9699422790480 -0.9307516873744
3.9760782021996 -1.2812490859794
3.9822141253511 -1.5943272464893
3.9883500485027 -1.8560945207426
3.9944859716542 -2.0550088842518
4.0006218948058 -2.1825265818032
4.0067578179573 -2.2335810903240
4.0128937411088 -2.2068640759134
4.0190296642604 -2.1048917405680
4.0251655874119 -1.9338526628152
4.0313015105635 -1.7032461785840
4.0374374337150 -1.4253327484596
4.0435733568666 -1.1144288798172
4.0497092800181 -0.7860883413279
4.0558452031696 -0.4562180925198
4.0619811263212 -0.1401811332774
4.0681170494727 0.1480608475360
4.0742529726243 0.3967146303983
4.0803888957758 0.5967875309742
4.0865248189274 0.7425476329391
4.0926607420789 0.8317858045356
4.0987966652304 0.8658650221457
4.1049325883820 0.8495552923756
4.1110685115335 0.7906653069605
4.1172044346851 0.6994941251704
4.1233403578366 0.5881369266633
4.1294762809882 0.4696875615880
4.1356122041397 0.3573867387216
4.1417481272912 0.2637678559881
4.1478840504428 0.1998525167341
4.1540199735943 0.1744446777252
4.1601558967459 0.1935663342041
4.1662918198974 0.2600690293551
4.1724277430489 0.3734447894472
4.1785636662005 0.5298479884698
4.1846995893520 0.7223268508263
4.1908355125036 0.9412505843644
4.1969714356551 1.1749062664636
4.2031073588067 1.4102292820015
4.2092432819582 1.6336229776345
4.2153792051097 1.8318177148341
4.2215151282613 1.9927170318617
4.2276510514128 2.1061792899157
4.2337869745644 2.1646869550896
4.2399228977159 2.1638623317190
4.2460588208675 2.1027977031452
4.2521947440190 1.9841789243892
4.2583306671705 1.8141938649324
4.2644665903221 1.6022299944847
4.2706025134736 1.3603780565152
4.2767384366252 1.1027704296730
4.2828743597767 0.8447927377138
4.2890102829283 0.6022149326534
4.2951462060798 0.3902929872233
4.3012821292313 0.2228941923725
4.3074180523829 0.1116977532829
4.3135539755344 0.0655179876244
4.3196898986860 0.0897902135314
4.3258258218375 0.1862498065932
4.3319617449891 0.3528234701340
4.3380976681406 0.5837391974442
4.3442335912921 0.8698484423482
4.3503695144437 1.1991414496125
4.3565054375952 1.5574252621500
4.3626413607468 1.9291243103528
4.3687772838983 2.2981562793000
4.3749132070499 2.6488315516662
4.3810491302014 2.9667232307461
4.3871850533529 3.2394565992133
4.3933209765045 3.4573717876919
4.3994568996560 3.6140210884677
4.4055928228076 3.7064723082656
4.4117287459591 3.7354012146840
4.4178646691107 3.7049687780951
4.4240005922622 3.6224918084438
4.4301365154137 3.4979279399294
4.4362724385653 3.3432070031185
4.4424083617168 3.1714499692169
4.4485442848684 2.9961233104833
4.4546802080199 2.8301803994942
4.4608161311715 2.6852422378073
4.4669520543230 2.5708673265700
4.4730879774745 2.4939550174144
4.4792239006261 2.4583185398868
4.4853598237776 2.4644535857632
4.4914957469292 2.5095164555338
4.4976316700807 2.5875130583468
4.5037675932322 2.6896872636482
4.5099035163838 2.8050850012552
4.5160394395353 2.9212598258611
4.5221753626869 3.0250770400961
4.5283112858384 3.1035674316019
4.5344472089900 3.1447785836897
4.5405831321415 3.1385717550805
4.5467190552930 3.0773154926847
4.5528549784446 2.9564332499428
4.5589909015961 2.7747709731664
4.5651268247477 2.5347613633282
4.5712627478992 2.2423736797444
4.5773986710508 1.9068508023137
4.5835345942023 1.5402480262768
4.5896705173538 1.1567999832418
4.5958064405054 0.7721524262809
4.6019423636569 0.4025037869622
4.6080782868085 0.0637069019701
4.6142142099600 -0.2296162109976
4.6203501331116 -0.4648943129013
4.6264860562631 -0.6323132175978
4.6326219794146 -0.7253666333345
4.6387579025662 -0.7412190023924
4.6448938257177 -0.6808588860484
4.6510297488693 -0.5490338442768
4.6571656720208 -0.3539707015426
4.6633015951724 -0.1068977990765
4.6694375183239 0.1786024496147
4.6755734414754 0.4873723566819
4.6817093646270 0.8035430360787
4.6878452877785 1.1114326997048
4.6939812109301 1.3964261819459
4.7001171340816 1.6457839344485
4.7062530572332 1.8493330468615
4.7123889803847 1.9999999999737
4.7185249035362 2.0941543973023
4.7246608266878 2.1317442942408
4.7307967498393 2.1162162550443
4.7369326729909 2.0542261733325
4.7430685961424 1.9551594189262
4.7492045192940 1.8304902663373
4.7553404424455 1.6930201426031
4.7614763655970 1.5560414255446
4.7676122887486 1.4324779008380
4.7737482119001 1.3340542860965
4.7798841350517 1.2705453740167
4.7860200582032 1.2491504509329
4.7921559813547 1.2740310040742
4.7982919045063 1.3460398023200
4.8044278276578 1.4626578186760
4.8105637508094 1.6181428540307
4.8166996739609 1.8038808841696
4.8228355971125 2.0089188499281
4.8289715202640 2.2206465921374
4.8351074434155 2.4255865516366
4.8412433665671 2.6102432660742
4.8473792897186 2.7619609891469
4.8535152128702 2.8697371605613
4.8596511360217 2.9249420073304
4.8657870591733 2.9219001003825
4.8719229823248 2.8582979012365
4.8780589054763 2.7353917151763
4.8841948286279 2.5580024006280
4.8903307517794 2.3342959556663
4.8964666749310 2.0753619432433
4.9026025980825 1.7946138589182
4.9087385212341 1.5070462635102
4.9148744443856 1.2283921459862
4.9210103675371 0.9742300436317
4.9271462906887 0.7590935469899
4.9332822138402 0.5956357840787
4.9394181369918 0.4938983010004
4.9455540601433 0.4607276274848
4.9516899832949 0.4993741040682
4.9578259064464 0.6092967657970
4.9639618295979 0.7861858766448
4.9700977527495 1.0222018132428
4.9762336759010 1.3064161799973
4.9823695990526 1.6254290624706
4.9885055222041 1.9641259136551
4.9946414453557 2.3065293309122
5.0007773685072 2.6366954239973
5.0069132916587 2.9396019134067
5.0130492148103 3.2019756997184
5.0191851379618 3.4130113593821
5.0253210611134 3.5649386313900
5.0314569842649 3.6534060683626
5.0375929074165 3.6776590794790
5.0437288305680 3.6405029375153
5.0498647537195 3.5480542110052
5.0560006768711 3.4092967453193
5.0621366000226 3.2354699962744
5.0682725231742 3.0393275128241
5.0744084463257 2.8343110758818
5.0805443694772 2.6336909709306
5.0866802926288 2.4497247951282
5.0928162157803 2.2928859765475
5.0989521389319 2.1712088758010
5.1050880620834 2.0897902135392
5.1112239852350 2.0504770568246
5.1173599083865 2.0517602596455
5.1234958315380 2.0888797899842
5.1296317546896 2.1541355159335
5.1357676778411 2.2373845589460
5.1419036009927 2.3266949884446
5.1480395241442 2.4091161155649
5.1541754472958 2.4715185225764
5.1603113704473 2.5014526537533
5.1664472935988 2.4879735716525
5.1725832167504 2.4223814047472
5.1787191399019 2.2988319837884
5.1848550630535 2.1147798747066
5.1909909862050 1.8712260061641
5.1971269093566 1.5727537750020
5.2032628325081 1.2273501671192
5.2093987556596 0.8460213302470
5.2155346788112 0.4422243686928
5.2216706019627 0.0311481925193
5.2278065251143 -0.3711146402371
5.2339424482658 -0.7484565461361
5.2400783714174 -1.0856517353913
5.2462142945689 -1.3692083726903
5.2523502177204 -1.5881257714551
5.2584861408720 -1.7345118839938
5.2646220640235 -1.8040245782037
5.2707579871751 -1.7961106070579
5.2768939103266 -1.7140281547251
5.2830298334782 -1.5646516554274
5.2891657566297 -1.3580704812521
5.2953016797812 -1.1070052936313
5.3014376029328 -0.8260766357187
5.3075735260843 -0.5309690559702
5.3137094492359 -0.2375401814515
5.3198453723874 0.0390726643801
5.3259812955390 0.2852956675984
5.3321172186905 0.4898620270219
5.3382531418420 0.6444122843298
5.3443890649936 0.7439166581611
5.3505249881451 0.7868952744607
5.3566609112967 0.7754243283064
5.3627968344482 0.7149290535921
5.3689327575997 0.6137771471840
5.3750686807513 0.4826982269970
5.3812046039028 0.3340652861212
5.3873405270544 0.1810823145023
5.3934764502059 0.0369278036604
5.3996123733575 -0.0860935977910
5.4057482965090 -0.1773396089625
5.4118842196605 -0.2285110560085
5.4180201428121 -0.2341834529599
5.4241560659636 -0.1921571284673
5.4302919891152 -0.1036046241687
5.4364279122667 0.0269936096192
5.4425638354183 0.1921213559190
5.4486997585698 0.3816901386131
5.4548356817213 0.5836660056849
5.4609716048729 0.7848215704974
5.4671075280244 0.9715676506343
5.4732434511760 1.1308139469898
5.4793793743275 1.2508063516329
5.4855152974791 1.3218897712592
5.4916512206306 1.3371497311835
5.4977871437821 1.2928932187945
5.5039230669337 1.1889388063447
5.5100589900852 1.0286974879586
5.5161949132368 0.8190381913539
5.5223308363883 0.5699448295798
5.5284667595399 0.2939842736777
5.5346026826914 0.0056159934432
5.5407386058429 -0.2796163381959
5.5468745289945 -0.5459638393179
5.5530104521460 -0.7783702527358
5.5591463752976 -0.9633356299089
5.5652822984491 -1.0896948100146
5.5714182216007 -1.1492646174774
5.5775541447522 -1.1373214379721
5.5836900679037 -1.0528808553013
5.5898259910553 -0.8987627496179
5.5959619142068 -0.6814379657338
5.6020978373584 -0.4106656024521
5.6082337605099 -0.0989423732277
5.6143696836615 0.2392033898541
5.6205056068130 0.5880313473176
5.6266415299645 0.9314739536425
5.6327774531161 1.2540342402807
5.6389133762676 1.5416436993135
5.6450492994192 1.7824298719566
5.6511852225707 1.9673487399105
5.6573211457222 2.0906451793506
5.6634570688738 2.1501150912332
5.6695929920253 2.1471547337351
5.6757289151769 2.0865955453099
5.6818648383284 1.9763355946105
5.6880007614800 1.8267909532196
5.6941366846315 1.6502010332737
5.7002726077830 1.4598306210068
5.7064085309346 1.2691174461358
5.7125444540861 1.0908172961388
5.7186803772377 0.9361987203297
5.7248163003892 0.8143362720896
5.7309522235408 0.7315452003184
5.7370881466923 0.6909918778566
5.7432240698438 0.6925035758349
5.7493599929954 0.7325890890736
5.7554959161469 0.8046689270038
5.7616318392985 0.8995010686269
5.7677677624500 1.0057764060793
5.7739036856016 1.1108476852749
5.7800396087531 1.2015476092304
5.7861755319046 1.2650462967147
5.7923114550562 1.2896958089068
5.7984473782077 1.2658101267335
5.8045833013593 1.1863327383866
5.8107192245108 1.0473506552721
5.8168551476624 0.8484228233998
5.8229910708139 0.5927019765544
5.8291269939654 0.2868413404382
5.8352629171170 -0.0593095162108
5.8413988402685 -0.4332027311427
5.8475347634201 -0.8202554904152
5.8536706865716 -1.2046400991271
5.8598066097232 -1.5701545457608
5.8659425328747 -1.9011224221317
5.8720784560262 -2.1832691931670
5.8782143791778 -2.4045231200358
5.8843503023293 -2.5556935264865
5.8904862254809 -2.6309863137070
5.8966221486324 -2.6283262422463
5.9027580717840 -2.5494669282696
5.9088939949355 -2.3998820739936
5.9150299180870 -2.1884444085356
5.9211658412386 -1.9269113853967
5.9273017643901 -1.6292481155681
5.9334376875417 -1.3108276259629
5.9395736106932 -0.9875557463792
5.9457095338448 -0.6749723222172
5.9518454569963 -0.3873817479722
5.9579813801478 -0.1370639622565
5.9641173032994 0.0663878707002
5.9702532264509 0.2165644293633
5.9763891496025 0.3105434488748
5.9825250727540 0.3489821348923
5.9886609959055 0.3359944798128
5.9947969190571 0.2788220798920
6.0009328422086 0.1873194066464
6.0070687653602 0.0732855697065
6.0132046885117 -0.0503162447201
6.0193406116633 -0.1702038181368
6.0254765348148 -0.2736338056931
6.0316124579663 -0.3492202168879
6.0377483811179 -0.3876636603254
6.0438843042694 -0.3823470182357
6.0500202274210 -0.3297613581166
6.0561561505725 -0.2297362045852
6.0622920737241 -0.0854601716827
6.0684279968756 0.0967093330503
6.0745639200271 0.3076358235331
6.0806998431787 0.5359692632839
6.0868357663302 0.7688531158352
6.0929716894818 0.9927300055673
6.0991076126333 1.1941970408823
6.1052435357849 1.3608587500784
6.1113794589364 1.4821256228530
6.1175153820879 1.5499094115593
6.1236513052395 1.5591724615148
6.1297872283910 1.5082970247521
6.1359231515426 1.3992512573908
6.1420590746941 1.2375407633615
6.1481949978457 1.0319473908204
6.1543309209972 0.7940697526988
6.1604668441487 0.5376918547081
6.1666027673003 0.2780165654659
6.1727386904518 0.0308088287578
6.1788746136034 -0.1885009916306
6.1850105367549 -0.3657007579348
6.1911464599065 -0.4886149898684
6.1972823830580 -0.5478096623475
6.2034183062095 -0.5371416314577
6.2095542293611 -0.4541201219005
6.2156901525126 -0.3000588294096
6.2218260756642 -0.0800095933971
6.2279619988157 0.1975184669362
6.2340979219673 0.5210377451470
6.2402338451188 0.8767305513093
6.2463697682703 1.2492287770714
6.2525056914219 1.6224787457921
6.2586416145734 1.9806401858136
6.2647775377250 2.3089663318348
6.2709134608765 2.5946133960664
6.2770493840280 2.8273319610263
